# SHOT 159243
201.023
201.535
202.047
202.559
203.071
203.583
204.095
204.607
205.119
205.631
206.143
206.655
207.167
207.679
208.191
208.703
209.215
209.727
210.239
210.751
211.263
211.775
212.287
212.799
213.311
213.823
214.335
214.847
215.359
215.871
216.383
216.895
217.407
217.919
218.431
218.943
219.455
219.967
220.479
220.991
221.503
222.015
222.527
223.039
223.551
224.063
224.575
225.087
225.599
226.111
226.623
227.135
227.647
228.159
228.671
229.183
229.695
230.207
230.719
231.231
231.743
232.255
232.767
233.279
233.791
234.303
234.815
235.327
235.839
236.351
236.863
237.375
237.887
238.399
238.911
239.423
239.935
240.447
240.959
241.471
241.983
242.495
243.007
243.519
244.031
244.543
245.055
245.567
246.079
246.591
247.103
247.615
248.127
248.639
249.151
249.663
250.175
250.687
251.199
251.711
252.223
252.735
253.247
253.759
254.271
254.783
255.295
255.807
256.319
256.831
257.343
257.855
258.367
258.879
259.391
259.903
260.415
260.927
261.439
261.951
262.463
262.975
263.487
263.999
264.511
265.023
265.535
266.047
266.559
267.071
267.583
268.095
268.607
269.119
269.631
270.143
270.655
271.167
271.679
272.191
272.703
273.215
273.727
274.239
274.751
275.263
275.775
276.287
276.799
277.311
277.823
278.335
278.847
279.359
279.871
280.383
280.895
281.407
281.919
282.431
282.943
283.455
283.967
284.479
284.991
285.503
286.015
286.527
287.039
287.551
288.063
288.575
289.087
289.599
290.111
290.623
291.135
291.647
292.159
292.671
293.183
293.695
294.207
294.719
295.231
295.743
296.255
296.767
297.279
297.791
298.303
298.815
299.327
299.839
300.351
300.863
301.375
301.887
302.399
302.911
303.423
303.935
304.447
304.959
305.471
305.983
306.495
307.007
307.519
308.031
308.543
309.055
309.567
310.079
310.591
311.103
311.615
312.127
312.639
313.151
313.663
314.175
314.687
315.199
315.711
316.223
316.735
317.247
317.759
318.271
318.783
319.295
319.807
320.319
320.831
321.343
321.855
322.367
322.879
323.391
323.903
324.415
324.927
325.439
325.951
326.463
326.975
327.487
327.999
328.511
329.023
329.535
330.047
330.559
331.071
331.583
332.095
332.607
333.119
333.631
334.143
334.655
335.167
335.679
336.191
336.703
337.215
337.727
338.239
338.751
339.263
339.775
340.287
340.799
341.311
341.823
342.335
342.847
343.359
343.871
344.383
344.895
345.407
345.919
346.431
346.943
347.455
347.967
348.479
348.991
349.503
350.015
350.527
351.039
351.551
352.063
352.575
353.087
353.599
354.111
354.623
355.135
355.647
356.159
356.671
357.183
357.695
358.207
358.719
359.231
359.743
360.255
360.767
361.279
361.791
362.303
362.815
363.327
363.839
364.351
364.863
365.375
365.887
366.399
366.911
367.423
367.935
368.447
368.959
369.471
369.983
370.495
371.007
371.519
372.031
372.543
373.055
373.567
374.079
374.591
375.103
375.615
376.127
376.639
377.151
377.663
378.175
378.687
379.199
379.711
380.223
380.735
381.247
381.759
382.271
382.783
383.295
383.807
384.319
384.831
385.343
385.855
386.367
386.879
387.391
387.903
388.415
388.927
389.439
389.951
390.463
390.975
391.487
391.999
392.511
393.023
393.535
394.047
394.559
395.071
395.583
396.095
396.607
397.119
397.631
398.143
398.655
399.167
399.679
400.191
400.703
401.215
401.727
402.239
402.751
403.263
403.775
404.287
404.799
405.311
405.823
406.335
406.847
407.359
407.871
408.383
408.895
409.407
409.919
410.431
410.943
411.455
411.967
412.479
412.991
413.503
414.015
414.527
415.039
415.551
416.063
416.575
417.087
417.599
418.111
418.623
419.135
419.647
420.159
420.671
421.183
421.695
422.207
422.719
423.231
423.743
424.255
424.767
425.279
425.791
426.303
426.815
427.327
427.839
428.351
428.863
429.375
429.887
430.399
430.911
431.423
431.935
432.447
432.959
433.471
433.983
434.495
435.007
435.519
436.031
436.543
437.055
437.567
438.079
438.591
439.103
439.615
440.127
440.639
441.151
441.663
442.175
442.687
443.199
443.711
444.223
444.735
445.247
445.759
446.271
446.783
447.295
447.807
448.319
448.831
449.343
449.855
450.367
450.879
451.391
451.903
452.415
452.927
453.439
453.951
454.463
454.975
455.487
455.999
456.511
457.023
457.535
458.047
458.559
459.071
459.583
460.095
460.607
461.119
461.631
462.143
462.655
463.167
463.679
464.191
464.703
465.215
465.727
466.239
466.751
467.263
467.775
468.287
468.799
469.311
469.823
470.335
470.847
471.359
471.871
472.383
472.895
473.407
473.919
474.431
474.943
475.455
475.967
476.479
476.991
477.503
478.015
478.527
479.039
479.551
480.063
480.575
481.087
481.599
482.111
482.623
483.135
483.647
484.159
484.671
485.183
485.695
486.207
486.719
487.231
487.743
488.255
488.767
489.279
489.791
490.303
490.815
491.327
491.839
492.351
492.863
493.375
493.887
494.399
494.911
495.423
495.935
496.447
496.959
497.471
497.983
498.495
499.007
499.519
500.031
500.543
501.055
501.567
502.079
502.591
503.103
503.615
504.127
504.639
505.151
505.663
506.175
506.687
507.199
507.711
508.223
508.735
509.247
509.759
510.271
510.783
511.295
511.807
512.319
512.831
513.343
513.855
514.367
514.879
515.391
515.903
516.415
516.927
517.439
517.951
518.463
518.975
519.487
519.999
520.511
521.023
521.535
522.047
522.559
523.071
523.583
524.095
524.607
525.119
525.631
526.143
526.655
527.167
527.679
528.191
528.703
529.215
529.727
530.239
530.751
531.263
531.775
532.287
532.799
533.311
533.823
534.335
534.847
535.359
535.871
536.383
536.895
537.407
537.919
538.431
538.943
539.455
539.967
540.479
540.991
541.503
542.015
542.527
543.039
543.551
544.063
544.575
545.087
545.599
546.111
546.623
547.135
547.647
548.159
548.671
549.183
549.695
550.207
550.719
551.231
551.743
552.255
552.767
553.279
553.791
554.303
554.815
555.327
555.839
556.351
556.863
557.375
557.887
558.399
558.911
559.423
559.935
560.447
560.959
561.471
561.983
562.495
563.007
563.519
564.031
564.543
565.055
565.567
566.079
566.591
567.103
567.615
568.127
568.639
569.151
569.663
570.175
570.687
571.199
571.711
572.223
572.735
573.247
573.759
574.271
574.783
575.295
575.807
576.319
576.831
577.343
577.855
578.367
578.879
579.391
579.903
580.415
580.927
581.439
581.951
582.463
582.975
583.487
583.999
584.511
585.023
585.535
586.047
586.559
587.071
587.583
588.095
588.607
589.119
589.631
590.143
590.655
591.167
591.679
592.191
592.703
593.215
593.727
594.239
594.751
595.263
595.775
596.287
596.799
597.311
597.823
598.335
598.847
599.359
599.871
600.383
600.895
601.407
601.919
602.431
602.943
603.455
603.967
604.479
604.991
605.503
606.015
606.527
607.039
607.551
608.063
608.575
609.087
609.599
610.111
610.623
611.135
611.647
612.159
612.671
613.183
613.695
614.207
614.719
615.231
615.743
616.255
616.767
617.279
617.791
618.303
618.815
619.327
619.839
620.351
620.863
621.375
621.887
622.399
622.911
623.423
623.935
624.447
624.959
625.471
625.983
626.495
627.007
627.519
628.031
628.543
629.055
629.567
630.079
630.591
631.103
631.615
632.127
632.639
633.151
633.663
634.175
634.687
635.199
635.711
636.223
636.735
637.247
637.759
638.271
638.783
639.295
639.807
640.319
640.831
641.343
641.855
642.367
642.879
643.391
643.903
644.415
644.927
645.439
645.951
646.463
646.975
647.487
647.999
648.511
649.023
649.535
650.047
650.559
651.071
651.583
652.095
652.607
653.119
653.631
654.143
654.655
655.167
655.679
656.191
656.703
657.215
657.727
658.239
658.751
659.263
659.775
660.287
660.799
661.311
661.823
662.335
662.847
663.359
663.871
664.383
664.895
665.407
665.919
666.431
666.943
667.455
667.967
668.479
668.991
669.503
670.015
670.527
671.039
671.551
672.063
672.575
673.087
673.599
674.111
674.623
675.135
675.647
676.159
676.671
677.183
677.695
678.207
678.719
679.231
679.743
680.255
680.767
681.279
681.791
682.303
682.815
683.327
683.839
684.351
684.863
685.375
685.887
686.399
686.911
687.423
687.935
688.447
688.959
689.471
689.983
690.495
691.007
691.519
692.031
692.543
693.055
693.567
694.079
694.591
695.103
695.615
696.127
696.639
697.151
697.663
698.175
698.687
699.199
699.711
700.223
700.735
701.247
701.759
702.271
702.783
703.295
703.807
704.319
704.831
705.343
705.855
706.367
706.879
707.391
707.903
708.415
708.927
709.439
709.951
710.463
710.975
711.487
711.999
712.511
713.023
713.535
714.047
714.559
715.071
715.583
716.095
716.607
717.119
717.631
718.143
718.655
719.167
719.679
720.191
720.703
721.215
721.727
722.239
722.751
723.263
723.775
724.287
724.799
725.311
725.823
726.335
726.847
727.359
727.871
728.383
728.895
729.407
729.919
730.431
730.943
731.455
731.967
732.479
732.991
733.503
734.015
734.527
735.039
735.551
736.063
736.575
737.087
737.599
738.111
738.623
739.135
739.647
740.159
740.671
741.183
741.695
742.207
742.719
743.231
743.743
744.255
744.767
745.279
745.791
746.303
746.815
747.327
747.839
748.351
748.863
749.375
749.887
750.399
750.911
751.423
751.935
752.447
752.959
753.471
753.983
754.495
755.007
755.519
756.031
756.543
757.055
757.567
758.079
758.591
759.103
759.615
760.127
760.639
761.151
761.663
762.175
762.687
763.199
763.711
764.223
764.735
765.247
765.759
766.271
766.783
767.295
767.807
768.319
768.831
769.343
769.855
770.367
770.879
771.391
771.903
772.415
772.927
773.439
773.951
774.463
774.975
775.487
775.999
776.511
777.023
777.535
778.047
778.559
779.071
779.583
780.095
780.607
781.119
781.631
782.143
782.655
783.167
783.679
784.191
784.703
785.215
785.727
786.239
786.751
787.263
787.775
788.287
788.799
789.311
789.823
790.335
790.847
791.359
791.871
792.383
792.895
793.407
793.919
794.431
794.943
795.455
795.967
796.479
796.991
797.503
798.015
798.527