# Event Database of Frequency Peaks
#SHOT: 159243 TIME: 351.023
225.0977, 4.8828, 175.293, 199.2188, 87.8906, 1.9531, 211.4258, 188.9648, 204.5898, 195.8008, 77.6367, 202.6367, 78.6133, 56.6406, 21.4844, 73.7305, 82.5195, 18.5547, 60.0586, 74.707
#SHOT: 159243 TIME: 351.535
149.4141, 67.8711, 84.9609, 188.9648, 1.9531, 192.3828, 202.6367, 204.5898, 195.8008, 70.3125, 57.6172, 22.9492, 78.125, 56.6406, 71.7773, 21.4844, 18.5547, 82.5195, 60.0586, 74.707
#SHOT: 159243 TIME: 352.047
218.2617, 86.4258, 212.8906, 84.4727, 2.9297, 202.6367, 70.3125, 22.9492, 192.3828, 20.5078, 195.8008, 77.6367, 71.7773, 80.0781, 21.4844, 56.6406, 82.5195, 18.5547, 60.0586, 74.707
#SHOT: 159243 TIME: 352.559
238.7695, 22.4609, 204.5898, 62.5, 20.5078, 188.9648, 70.8008, 175.293, 86.4258, 202.6367, 192.3828, 84.4727, 195.8008, 80.0781, 82.5195, 56.1523, 77.6367, 19.043, 60.5469, 75.1953
#SHOT: 159243 TIME: 353.071
175.293, 62.9883, 85.4492, 204.5898, 45.8984, 188.9648, 202.6367, 192.3828, 22.4609, 195.8008, 70.8008, 1.9531, 82.5195, 77.6367, 56.1523, 79.5898, 19.043, 60.5469, 75.1953, 74.2188
#SHOT: 159243 TIME: 353.583
175.293, 45.8984, 192.3828, 86.9141, 204.5898, 21.9727, 66.4063, 188.9648, 195.8008, 81.0547, 202.6367, 79.1016, 70.8008, 77.1484, 82.5195, 1.9531, 56.1523, 19.043, 60.5469, 74.707
#SHOT: 159243 TIME: 354.095
4.8828, 82.5195, 175.293, 188.9648, 20.9961, 211.4258, 209.4727, 80.5664, 195.8008, 72.2656, 202.6367, 86.9141, 69.8242, 66.4063, 1.9531, 56.1523, 73.7305, 18.5547, 60.5469, 74.707
#SHOT: 159243 TIME: 354.607
71.2891, 46.3867, 90.332, 72.2656, 148.4375, 81.0547, 211.4258, 66.4063, 195.8008, 188.9648, 79.5898, 202.6367, 83.0078, 69.8242, 56.6406, 20.9961, 1.9531, 61.0352, 18.5547, 75.1953
#SHOT: 159243 TIME: 355.119
199.2188, 16.1133, 211.4258, 71.2891, 83.0078, 188.9648, 195.8008, 57.1289, 45.8984, 202.6367, 79.1016, 147.9492, 81.543, 2.4414, 20.9961, 22.4609, 18.5547, 60.5469, 74.2188, 75.1953
#SHOT: 159243 TIME: 355.631
70.8008, 64.4531, 211.4258, 188.9648, 20.9961, 84.9609, 55.6641, 45.8984, 2.4414, 78.125, 202.6367, 195.8008, 79.1016, 147.9492, 83.0078, 22.4609, 74.2188, 19.043, 60.5469, 75.1953
#SHOT: 159243 TIME: 356.143
188.9648, 175.293, 84.9609, 66.8945, 206.543, 211.4258, 2.4414, 22.4609, 80.5664, 195.8008, 202.6367, 72.2656, 148.4375, 55.6641, 83.0078, 77.1484, 79.1016, 61.0352, 19.5313, 75.1953
#SHOT: 159243 TIME: 356.655
90.8203, 206.543, 85.4492, 242.1875, 193.3594, 63.4766, 175.293, 66.8945, 202.6367, 195.8008, 148.4375, 79.1016, 20.9961, 72.2656, 77.6367, 82.5195, 55.6641, 19.043, 61.0352, 74.707
#SHOT: 159243 TIME: 357.167
71.7773, 201.1719, 202.6367, 79.1016, 175.293, 216.3086, 47.3633, 65.918, 16.6016, 58.5938, 148.4375, 195.8008, 67.3828, 83.0078, 20.9961, 77.6367, 55.6641, 61.0352, 19.043, 74.707
#SHOT: 159243 TIME: 357.679
70.8008, 17.0898, 57.1289, 202.6367, 65.918, 188.9648, 204.5898, 216.3086, 46.875, 2.4414, 195.8008, 147.4609, 83.4961, 21.4844, 79.5898, 73.7305, 55.6641, 61.0352, 19.043, 74.707
#SHOT: 159243 TIME: 358.191
206.0547, 84.9609, 46.3867, 202.6367, 70.8008, 129.3945, 188.9648, 78.125, 195.8008, 1.9531, 68.3594, 76.1719, 146.9727, 21.9727, 79.5898, 55.6641, 61.0352, 19.043, 73.7305, 74.707
#SHOT: 159243 TIME: 358.703
199.2188, 202.6367, 59.5703, 16.6016, 175.293, 195.8008, 188.9648, 71.2891, 206.0547, 146.9727, 1.9531, 68.3594, 80.0781, 76.1719, 21.9727, 55.6641, 61.0352, 19.043, 73.2422, 75.1953
#SHOT: 159243 TIME: 359.215
202.6367, 229.0039, 190.918, 204.5898, 188.9648, 2.4414, 195.8008, 16.6016, 175.293, 145.9961, 69.8242, 68.8477, 206.0547, 78.6133, 21.4844, 55.6641, 19.5313, 61.5234, 73.2422, 75.1953
#SHOT: 159243 TIME: 359.727
190.918, 199.707, 245.6055, 219.7266, 84.9609, 145.9961, 204.5898, 195.8008, 175.293, 68.3594, 21.4844, 81.543, 2.4414, 69.8242, 55.6641, 18.0664, 61.5234, 78.6133, 73.2422, 75.1953
#SHOT: 159243 TIME: 360.239
4.8828, 68.3594, 202.6367, 188.9648, 175.293, 245.6055, 81.543, 84.9609, 211.4258, 195.8008, 146.4844, 204.5898, 56.1523, 2.4414, 69.8242, 18.5547, 62.0117, 78.6133, 73.2422, 75.1953
#SHOT: 159243 TIME: 360.751
239.2578, 190.918, 195.8008, 175.293, 202.6367, 245.6055, 211.4258, 22.9492, 188.9648, 57.1289, 204.5898, 55.6641, 146.4844, 2.4414, 69.8242, 62.5, 78.6133, 18.5547, 73.2422, 75.6836
#SHOT: 159243 TIME: 361.263
211.4258, 190.918, 7.3242, 2.4414, 175.293, 21.9727, 195.8008, 83.9844, 146.4844, 188.9648, 202.6367, 71.2891, 204.5898, 57.1289, 69.8242, 62.5, 79.5898, 18.5547, 73.2422, 75.6836
#SHOT: 159243 TIME: 361.775
90.8203, 188.9648, 244.1406, 175.293, 145.9961, 53.7109, 195.8008, 217.2852, 211.4258, 202.6367, 204.5898, 84.4727, 21.9727, 69.3359, 56.6406, 62.5, 72.7539, 18.5547, 79.5898, 75.6836
#SHOT: 159243 TIME: 362.287
142.5781, 190.918, 175.293, 145.9961, 195.8008, 202.6367, 53.7109, 67.8711, 211.4258, 204.5898, 84.4727, 1.9531, 21.9727, 69.3359, 62.5, 56.6406, 18.5547, 72.7539, 79.5898, 75.6836
#SHOT: 159243 TIME: 362.799
218.2617, 202.6367, 197.7539, 175.293, 67.8711, 190.918, 211.4258, 78.125, 69.3359, 204.5898, 145.9961, 21.9727, 70.8008, 1.9531, 56.6406, 62.9883, 79.5898, 18.5547, 73.2422, 75.6836
#SHOT: 159243 TIME: 363.311
184.082, 86.4258, 175.293, 66.4063, 197.7539, 195.8008, 188.9648, 211.4258, 190.918, 202.6367, 145.9961, 204.5898, 70.3125, 21.9727, 56.6406, 62.9883, 19.043, 72.7539, 80.0781, 75.6836
#SHOT: 159243 TIME: 363.823
197.7539, 53.7109, 190.918, 211.4258, 195.8008, 66.8945, 145.5078, 204.5898, 188.9648, 85.9375, 2.9297, 202.6367, 21.9727, 70.3125, 56.6406, 80.5664, 63.4766, 19.043, 72.7539, 75.1953
#SHOT: 159243 TIME: 364.335
231.9336, 67.3828, 58.1055, 195.8008, 45.8984, 83.9844, 204.5898, 202.6367, 188.9648, 145.0195, 21.9727, 2.9297, 78.6133, 85.4492, 56.1523, 19.043, 63.4766, 72.7539, 80.5664, 75.1953
#SHOT: 159243 TIME: 364.847
231.9336, 145.5078, 141.6016, 1.9531, 211.4258, 195.8008, 83.4961, 202.6367, 204.5898, 188.9648, 58.1055, 85.4492, 79.1016, 21.9727, 63.9648, 56.6406, 19.043, 72.7539, 81.0547, 75.1953
#SHOT: 159243 TIME: 365.359
88.8672, 141.6016, 190.918, 42.4805, 68.3594, 84.9609, 195.8008, 204.5898, 83.0078, 211.4258, 1.9531, 145.9961, 21.9727, 79.1016, 57.1289, 18.5547, 63.9648, 72.7539, 81.0547, 75.1953
#SHOT: 159243 TIME: 365.871
218.75, 88.3789, 202.6367, 190.918, 175.293, 68.8477, 85.4492, 209.4727, 195.8008, 204.5898, 211.4258, 77.6367, 79.1016, 21.9727, 81.543, 57.1289, 19.043, 64.4531, 72.7539, 75.1953
#SHOT: 159243 TIME: 366.383
202.6367, 188.9648, 192.3828, 218.75, 5.3711, 211.4258, 209.4727, 204.5898, 195.8008, 80.0781, 145.0195, 85.9375, 77.6367, 57.1289, 21.9727, 19.043, 64.4531, 72.2656, 82.0313, 75.1953
#SHOT: 159243 TIME: 366.895
89.8438, 69.3359, 70.8008, 188.9648, 22.9492, 204.5898, 77.6367, 55.1758, 195.8008, 85.4492, 57.6172, 145.0195, 21.9727, 1.9531, 79.5898, 18.5547, 64.9414, 72.7539, 82.0313, 75.6836
#SHOT: 159243 TIME: 367.407
218.2617, 188.9648, 67.3828, 195.8008, 57.6172, 69.3359, 83.4961, 211.4258, 77.6367, 79.5898, 145.0195, 55.1758, 1.9531, 21.9727, 85.9375, 19.043, 64.9414, 72.7539, 75.6836, 81.543
#SHOT: 159243 TIME: 367.919
190.918, 188.9648, 218.2617, 204.5898, 67.3828, 195.8008, 77.6367, 69.8242, 22.4609, 1.9531, 57.6172, 145.0195, 211.4258, 83.4961, 85.9375, 64.9414, 76.1719, 19.043, 72.2656, 81.543
#SHOT: 159243 TIME: 368.431
190.918, 202.6367, 218.2617, 77.6367, 204.5898, 84.9609, 195.8008, 188.9648, 43.9453, 211.4258, 145.0195, 83.4961, 1.9531, 57.6172, 85.9375, 76.1719, 19.043, 65.4297, 72.2656, 81.543
#SHOT: 159243 TIME: 368.943
43.9453, 67.3828, 70.3125, 211.4258, 74.2188, 204.5898, 195.8008, 69.3359, 188.9648, 202.6367, 78.125, 145.0195, 57.6172, 84.9609, 1.9531, 75.6836, 81.543, 65.4297, 19.043, 72.2656
#SHOT: 159243 TIME: 369.455
247.0703, 62.0117, 241.6992, 70.3125, 211.4258, 67.3828, 204.5898, 202.6367, 195.8008, 21.4844, 140.1367, 145.0195, 75.6836, 58.1055, 1.9531, 81.0547, 19.043, 85.4492, 65.4297, 72.7539
#SHOT: 159243 TIME: 369.967
241.6992, 60.0586, 18.0664, 140.1367, 77.6367, 80.5664, 211.4258, 204.5898, 70.3125, 62.0117, 195.8008, 1.9531, 145.5078, 81.543, 58.5938, 21.9727, 20.0195, 85.9375, 65.4297, 72.7539
#SHOT: 159243 TIME: 370.479
60.0586, 83.4961, 188.9648, 245.6055, 175.293, 75.1953, 134.2773, 77.6367, 204.5898, 195.8008, 211.4258, 145.0195, 61.5234, 80.5664, 22.4609, 58.5938, 86.4258, 72.7539, 65.4297, 20.0195
#SHOT: 159243 TIME: 370.991
175.293, 190.918, 12.207, 32.7148, 204.5898, 83.4961, 74.707, 188.9648, 211.4258, 79.5898, 133.7891, 145.0195, 1.9531, 61.5234, 81.0547, 58.5938, 20.0195, 72.2656, 86.4258, 65.4297
#SHOT: 159243 TIME: 371.503
56.1523, 83.0078, 63.9648, 188.9648, 211.4258, 77.1484, 190.918, 204.5898, 79.5898, 67.3828, 58.5938, 1.9531, 133.7891, 144.5313, 74.707, 61.5234, 20.0195, 86.4258, 72.2656, 65.4297
#SHOT: 159243 TIME: 372.015
195.8008, 89.3555, 202.6367, 190.918, 83.4961, 61.5234, 188.9648, 79.5898, 74.2188, 211.4258, 67.3828, 56.1523, 204.5898, 144.5313, 17.5781, 22.4609, 20.0195, 72.2656, 86.4258, 65.4297
#SHOT: 159243 TIME: 372.527
145.0195, 249.0234, 63.9648, 67.3828, 75.1953, 5.3711, 81.543, 195.8008, 204.5898, 83.4961, 188.9648, 211.4258, 56.6406, 17.0898, 19.5313, 20.9961, 22.4609, 72.2656, 85.9375, 65.4297
#SHOT: 159243 TIME: 373.039
40.0391, 175.293, 77.1484, 5.3711, 202.6367, 89.3555, 195.8008, 204.5898, 145.5078, 22.9492, 80.5664, 211.4258, 17.0898, 188.9648, 74.707, 81.543, 20.0195, 72.7539, 65.4297, 85.9375
#SHOT: 159243 TIME: 373.551
63.4766, 25.8789, 88.8672, 195.8008, 77.1484, 218.2617, 81.543, 202.6367, 204.5898, 188.9648, 211.4258, 145.0195, 21.9727, 75.1953, 17.0898, 80.5664, 20.0195, 72.7539, 65.4297, 85.9375
#SHOT: 159243 TIME: 374.063
235.3516, 88.8672, 218.2617, 195.8008, 78.125, 204.5898, 6.3477, 211.4258, 17.0898, 188.9648, 202.6367, 190.918, 75.6836, 145.0195, 22.4609, 20.0195, 80.5664, 72.7539, 65.4297, 85.9375
#SHOT: 159243 TIME: 374.575
235.3516, 90.8203, 245.6055, 188.9648, 190.918, 76.6602, 5.8594, 204.5898, 211.4258, 202.6367, 195.8008, 2.9297, 145.0195, 19.043, 75.6836, 20.5078, 72.2656, 80.5664, 65.4297, 85.9375
#SHOT: 159243 TIME: 375.087
218.75, 90.8203, 197.7539, 190.918, 25.8789, 78.6133, 245.6055, 5.3711, 18.5547, 202.6367, 204.5898, 195.8008, 211.4258, 145.0195, 75.1953, 72.2656, 20.5078, 80.5664, 85.9375, 65.4297
#SHOT: 159243 TIME: 375.599
202.6367, 197.7539, 190.918, 5.3711, 68.8477, 21.9727, 78.125, 218.75, 2.4414, 204.5898, 195.8008, 145.5078, 207.0313, 211.4258, 80.5664, 20.5078, 72.7539, 75.1953, 85.9375, 65.4297
#SHOT: 159243 TIME: 376.111
184.082, 83.4961, 190.918, 218.2617, 188.9648, 207.0313, 195.8008, 204.5898, 1.9531, 211.4258, 18.0664, 145.5078, 81.543, 21.9727, 75.1953, 20.0195, 80.0781, 72.7539, 85.9375, 64.9414
#SHOT: 159243 TIME: 376.623
74.2188, 70.3125, 247.0703, 238.7695, 190.918, 62.9883, 195.8008, 218.2617, 1.9531, 204.5898, 211.4258, 145.0195, 188.9648, 75.6836, 85.9375, 21.9727, 20.0195, 72.7539, 64.9414, 80.0781
#SHOT: 159243 TIME: 377.135
247.5586, 235.3516, 190.918, 238.7695, 195.8008, 211.4258, 204.5898, 19.043, 74.2188, 218.2617, 188.9648, 23.4375, 145.0195, 75.6836, 20.0195, 86.4258, 21.9727, 72.7539, 64.9414, 80.5664
#SHOT: 159243 TIME: 377.647
247.0703, 197.7539, 45.4102, 235.3516, 202.6367, 195.8008, 188.9648, 218.2617, 20.9961, 145.0195, 211.4258, 19.043, 204.5898, 21.9727, 75.6836, 20.0195, 72.7539, 86.4258, 64.9414, 80.5664
#SHOT: 159243 TIME: 378.159
175.293, 184.082, 20.9961, 188.9648, 202.6367, 5.3711, 247.0703, 145.0195, 195.8008, 83.4961, 2.9297, 211.4258, 204.5898, 18.5547, 75.1953, 20.0195, 72.2656, 64.9414, 86.4258, 80.5664
#SHOT: 159243 TIME: 378.671
202.6367, 209.4727, 83.4961, 218.2617, 12.6953, 188.9648, 211.4258, 74.2188, 2.9297, 195.8008, 204.5898, 144.5313, 21.4844, 18.5547, 20.0195, 75.6836, 72.2656, 64.9414, 86.4258, 80.5664
#SHOT: 159243 TIME: 379.183
12.6953, 62.9883, 190.918, 209.4727, 211.4258, 235.3516, 1.9531, 188.9648, 218.2617, 145.0195, 18.5547, 204.5898, 195.8008, 21.9727, 20.0195, 75.6836, 86.4258, 72.2656, 64.4531, 80.5664
#SHOT: 159243 TIME: 379.695
190.918, 2.9297, 62.9883, 218.2617, 66.4063, 238.7695, 13.6719, 211.4258, 188.9648, 204.5898, 195.8008, 18.0664, 145.0195, 21.9727, 85.9375, 72.2656, 75.6836, 20.0195, 64.4531, 80.0781
#SHOT: 159243 TIME: 380.207
190.918, 238.7695, 47.3633, 218.2617, 14.1602, 90.8203, 188.9648, 211.4258, 18.5547, 195.8008, 204.5898, 66.4063, 21.4844, 144.5313, 20.0195, 86.4258, 80.0781, 72.2656, 64.4531, 75.6836
#SHOT: 159243 TIME: 380.719
2.9297, 218.2617, 188.9648, 14.1602, 90.8203, 211.4258, 195.8008, 204.5898, 47.3633, 62.9883, 23.4375, 21.9727, 19.043, 144.5313, 86.4258, 20.5078, 64.4531, 72.2656, 80.0781, 75.6836
#SHOT: 159243 TIME: 381.231
17.5781, 83.9844, 47.3633, 218.2617, 1.9531, 90.8203, 14.1602, 77.6367, 188.9648, 211.4258, 204.5898, 195.8008, 23.4375, 144.5313, 86.4258, 20.5078, 72.2656, 64.4531, 80.5664, 75.6836
#SHOT: 159243 TIME: 381.743
90.8203, 218.2617, 138.1836, 202.6367, 13.6719, 204.5898, 211.4258, 188.9648, 20.5078, 195.8008, 1.9531, 86.9141, 19.5313, 144.5313, 85.9375, 22.9492, 64.4531, 72.2656, 76.1719, 80.5664
#SHOT: 159243 TIME: 382.255
218.2617, 56.1523, 4.8828, 188.9648, 202.6367, 13.6719, 204.5898, 211.4258, 1.9531, 78.6133, 23.4375, 195.8008, 144.043, 87.4023, 19.5313, 85.4492, 72.2656, 64.4531, 76.1719, 80.5664
#SHOT: 159243 TIME: 382.767
5.3711, 56.1523, 202.6367, 13.6719, 188.9648, 3.418, 211.4258, 204.5898, 19.043, 143.5547, 78.6133, 195.8008, 22.4609, 87.4023, 20.9961, 85.4492, 71.7773, 76.1719, 80.5664, 64.4531
#SHOT: 159243 TIME: 383.279
49.3164, 238.7695, 19.043, 42.9688, 211.4258, 202.6367, 204.5898, 3.418, 20.9961, 188.9648, 143.5547, 195.8008, 137.207, 85.4492, 87.4023, 71.7773, 21.9727, 75.6836, 80.0781, 64.4531
#SHOT: 159243 TIME: 383.791
245.6055, 32.7148, 188.9648, 202.6367, 5.3711, 238.7695, 211.4258, 204.5898, 195.8008, 20.5078, 143.5547, 23.4375, 87.4023, 137.207, 85.4492, 71.7773, 75.6836, 64.9414, 21.9727, 80.5664
#SHOT: 159243 TIME: 384.303
238.7695, 5.3711, 190.918, 218.2617, 209.9609, 204.5898, 87.4023, 12.6953, 195.8008, 211.4258, 23.4375, 143.5547, 137.207, 21.9727, 20.0195, 84.4727, 71.7773, 64.9414, 75.6836, 80.5664
#SHOT: 159243 TIME: 384.815
202.6367, 206.543, 175.293, 190.918, 22.4609, 188.9648, 218.2617, 204.5898, 87.8906, 195.8008, 211.4258, 1.9531, 20.5078, 84.4727, 136.7188, 71.2891, 142.5781, 65.4297, 80.5664, 75.6836
#SHOT: 159243 TIME: 385.327
156.7383, 78.6133, 175.293, 202.6367, 218.2617, 204.5898, 87.8906, 188.9648, 21.9727, 13.6719, 211.4258, 195.8008, 84.9609, 137.207, 71.2891, 143.0664, 20.5078, 80.5664, 65.4297, 75.6836
#SHOT: 159243 TIME: 385.839
175.293, 83.9844, 184.082, 218.2617, 202.6367, 188.9648, 204.5898, 13.6719, 211.4258, 22.9492, 195.8008, 87.4023, 137.207, 20.9961, 71.7773, 85.4492, 143.0664, 80.5664, 65.4297, 75.6836
#SHOT: 159243 TIME: 386.351
184.082, 83.9844, 14.1602, 86.9141, 137.207, 24.4141, 69.8242, 3.418, 202.6367, 211.4258, 195.8008, 204.5898, 22.4609, 85.4492, 143.0664, 71.7773, 20.9961, 65.4297, 80.5664, 75.6836
#SHOT: 159243 TIME: 386.863
175.293, 218.2617, 5.3711, 74.2188, 1.9531, 204.5898, 14.1602, 195.8008, 86.9141, 202.6367, 211.4258, 24.4141, 20.9961, 85.9375, 21.9727, 143.0664, 71.7773, 75.6836, 80.5664, 65.4297
#SHOT: 159243 TIME: 387.375
86.9141, 204.5898, 5.3711, 188.9648, 82.5195, 202.6367, 2.4414, 195.8008, 23.9258, 14.6484, 74.2188, 211.4258, 85.9375, 143.0664, 71.2891, 20.5078, 21.9727, 75.6836, 80.5664, 65.4297
#SHOT: 159243 TIME: 387.887
184.082, 246.0938, 202.6367, 82.5195, 195.8008, 218.2617, 14.6484, 204.5898, 188.9648, 5.3711, 1.9531, 211.4258, 21.9727, 142.5781, 71.2891, 85.9375, 20.0195, 80.5664, 75.6836, 65.4297
#SHOT: 159243 TIME: 388.399
238.7695, 86.9141, 184.082, 202.6367, 195.8008, 68.8477, 5.3711, 188.9648, 204.5898, 211.4258, 218.2617, 1.9531, 85.4492, 80.5664, 71.2891, 142.5781, 20.9961, 20.0195, 65.4297, 75.6836
#SHOT: 159243 TIME: 388.911
97.6563, 62.9883, 156.7383, 238.7695, 195.8008, 218.2617, 188.9648, 202.6367, 204.5898, 5.8594, 211.4258, 2.4414, 80.5664, 142.5781, 20.0195, 71.2891, 85.4492, 21.4844, 65.4297, 75.6836
#SHOT: 159243 TIME: 389.423
69.8242, 23.4375, 190.918, 199.2188, 219.7266, 211.4258, 195.8008, 85.9375, 142.5781, 204.5898, 202.6367, 87.4023, 5.8594, 188.9648, 67.8711, 71.2891, 80.5664, 21.4844, 65.4297, 75.6836
#SHOT: 159243 TIME: 389.935
142.5781, 13.6719, 219.7266, 83.4961, 21.4844, 190.918, 72.2656, 204.5898, 195.8008, 202.6367, 188.9648, 87.4023, 85.9375, 70.3125, 22.4609, 67.8711, 80.5664, 20.5078, 65.4297, 75.6836
#SHOT: 159243 TIME: 390.447
5.3711, 190.918, 87.4023, 211.4258, 83.9844, 13.1836, 195.8008, 219.7266, 188.9648, 202.6367, 184.082, 204.5898, 67.3828, 21.4844, 70.3125, 85.4492, 80.5664, 22.4609, 65.4297, 75.6836
#SHOT: 159243 TIME: 390.959
149.4141, 241.2109, 190.918, 70.8008, 195.8008, 218.2617, 202.6367, 184.082, 87.8906, 20.0195, 12.6953, 219.7266, 211.4258, 188.9648, 204.5898, 85.4492, 80.5664, 21.9727, 65.4297, 75.6836
#SHOT: 159243 TIME: 391.471
85.9375, 190.918, 11.7188, 202.6367, 1.9531, 63.4766, 218.2617, 195.8008, 219.7266, 211.4258, 87.4023, 19.043, 204.5898, 69.8242, 188.9648, 22.9492, 80.5664, 65.4297, 21.9727, 75.6836
#SHOT: 159243 TIME: 391.983
7.8125, 11.2305, 190.918, 218.2617, 219.7266, 149.9023, 211.4258, 87.4023, 85.4492, 204.5898, 1.9531, 195.8008, 3.418, 69.8242, 22.9492, 188.9648, 80.0781, 21.9727, 65.4297, 75.6836
#SHOT: 159243 TIME: 392.495
5.3711, 197.7539, 1.9531, 23.4375, 247.0703, 3.418, 204.5898, 21.9727, 190.918, 68.3594, 211.4258, 188.9648, 87.4023, 149.9023, 195.8008, 85.4492, 70.3125, 80.0781, 65.4297, 75.6836
#SHOT: 159243 TIME: 393.007
5.3711, 140.625, 9.2773, 218.2617, 197.7539, 184.082, 188.9648, 190.918, 204.5898, 247.0703, 20.9961, 211.4258, 149.9023, 85.4492, 87.4023, 195.8008, 69.8242, 80.0781, 65.4297, 75.6836
#SHOT: 159243 TIME: 393.519
150.3906, 190.918, 84.9609, 247.5586, 67.8711, 218.2617, 8.7891, 184.082, 188.9648, 204.5898, 87.4023, 211.4258, 63.4766, 1.9531, 21.9727, 195.8008, 70.3125, 65.4297, 79.5898, 75.1953
#SHOT: 159243 TIME: 394.031
182.1289, 218.2617, 247.5586, 242.1875, 184.082, 15.1367, 202.6367, 188.9648, 8.3008, 204.5898, 70.8008, 68.3594, 211.4258, 1.9531, 63.4766, 195.8008, 21.9727, 65.4297, 79.5898, 75.6836
#SHOT: 159243 TIME: 394.543
5.3711, 15.1367, 229.9805, 240.2344, 184.082, 190.918, 83.9844, 72.7539, 218.2617, 242.1875, 188.9648, 202.6367, 204.5898, 195.8008, 68.3594, 211.4258, 21.9727, 79.5898, 65.4297, 75.6836
#SHOT: 159243 TIME: 395.055
233.3984, 240.2344, 67.8711, 190.918, 83.9844, 8.3008, 202.6367, 229.9805, 218.2617, 246.0938, 188.9648, 204.5898, 69.8242, 195.8008, 71.7773, 211.4258, 21.9727, 79.5898, 65.4297, 75.6836
#SHOT: 159243 TIME: 395.567
229.9805, 184.082, 90.8203, 19.5313, 202.6367, 218.2617, 71.2891, 8.3008, 190.918, 236.8164, 195.8008, 188.9648, 246.0938, 204.5898, 211.4258, 21.9727, 70.3125, 79.5898, 65.4297, 75.6836
#SHOT: 159243 TIME: 396.079
83.4961, 1.9531, 90.8203, 202.6367, 197.7539, 20.9961, 184.082, 209.4727, 195.8008, 218.2617, 85.9375, 70.3125, 204.5898, 190.918, 188.9648, 211.4258, 71.2891, 79.5898, 65.4297, 75.6836
#SHOT: 159243 TIME: 396.591
7.3242, 175.293, 31.25, 197.7539, 238.7695, 204.5898, 184.082, 202.6367, 209.4727, 195.8008, 218.2617, 190.918, 188.9648, 211.4258, 78.125, 21.4844, 71.2891, 80.0781, 65.4297, 75.6836
#SHOT: 159243 TIME: 397.103
3.9063, 238.7695, 184.082, 197.7539, 218.2617, 209.4727, 190.918, 202.6367, 188.9648, 81.0547, 211.4258, 204.5898, 195.8008, 22.9492, 71.7773, 79.5898, 70.3125, 78.125, 65.4297, 76.1719
#SHOT: 159243 TIME: 397.615
218.2617, 192.3828, 209.4727, 2.4414, 85.9375, 202.6367, 190.918, 3.9063, 188.9648, 204.5898, 23.4375, 211.4258, 195.8008, 21.4844, 72.2656, 79.5898, 78.125, 70.3125, 65.4297, 76.1719
#SHOT: 159243 TIME: 398.127
175.293, 197.7539, 202.6367, 192.3828, 90.8203, 218.2617, 190.918, 2.9297, 209.4727, 204.5898, 195.8008, 211.4258, 188.9648, 70.3125, 85.9375, 21.9727, 71.7773, 79.5898, 65.4297, 76.1719
#SHOT: 159243 TIME: 398.639
26.3672, 175.293, 63.4766, 90.332, 197.7539, 82.0313, 60.0586, 218.2617, 247.5586, 190.918, 211.4258, 195.8008, 204.5898, 188.9648, 86.4258, 21.9727, 80.0781, 71.2891, 64.9414, 76.1719
#SHOT: 159243 TIME: 399.151
175.293, 86.4258, 190.918, 73.2422, 197.7539, 83.9844, 218.2617, 82.0313, 211.4258, 204.5898, 247.0703, 188.9648, 23.4375, 195.8008, 67.8711, 22.4609, 80.0781, 71.2891, 65.4297, 76.1719
#SHOT: 159243 TIME: 399.663
184.082, 245.6055, 5.3711, 190.918, 188.9648, 79.1016, 1.9531, 23.4375, 218.2617, 204.5898, 61.5234, 85.9375, 67.3828, 211.4258, 195.8008, 82.0313, 80.5664, 65.4297, 70.8008, 76.1719
#SHOT: 159243 TIME: 400.175
3.418, 219.7266, 202.6367, 184.082, 188.9648, 61.5234, 218.2617, 1.9531, 62.9883, 79.1016, 83.0078, 204.5898, 72.7539, 195.8008, 211.4258, 85.4492, 81.543, 64.9414, 70.8008, 75.6836
#SHOT: 159243 TIME: 400.687
225.0977, 184.082, 190.918, 232.4219, 7.3242, 15.1367, 218.2617, 202.6367, 188.9648, 195.8008, 211.4258, 79.1016, 204.5898, 62.0117, 85.4492, 81.543, 83.0078, 64.9414, 70.8008, 75.6836
#SHOT: 159243 TIME: 401.199
218.2617, 5.3711, 3.9063, 246.0938, 190.918, 15.1367, 25.8789, 79.1016, 62.0117, 188.9648, 81.543, 204.5898, 195.8008, 202.6367, 211.4258, 73.7305, 83.0078, 65.4297, 70.8008, 75.6836
#SHOT: 159243 TIME: 401.711
80.0781, 184.082, 90.8203, 188.9648, 5.3711, 1.9531, 190.918, 204.5898, 84.9609, 211.4258, 23.4375, 195.8008, 202.6367, 26.3672, 73.2422, 83.4961, 82.0313, 65.4297, 70.3125, 75.6836
#SHOT: 159243 TIME: 402.223
53.7109, 184.082, 5.3711, 18.5547, 188.9648, 84.9609, 202.6367, 190.918, 79.5898, 22.9492, 204.5898, 211.4258, 195.8008, 24.4141, 25.8789, 82.5195, 71.2891, 64.9414, 76.1719, 70.3125
#SHOT: 159243 TIME: 402.735
53.7109, 184.082, 15.1367, 190.918, 218.2617, 5.3711, 24.4141, 81.543, 188.9648, 195.8008, 204.5898, 62.5, 79.5898, 211.4258, 25.8789, 83.4961, 69.3359, 76.1719, 64.9414, 70.8008
#SHOT: 159243 TIME: 403.247
5.3711, 78.6133, 243.6523, 86.4258, 21.9727, 184.082, 190.918, 73.2422, 218.2617, 195.8008, 204.5898, 188.9648, 2.4414, 211.4258, 79.5898, 62.5, 83.9844, 76.6602, 64.9414, 70.8008
#SHOT: 159243 TIME: 403.759
83.9844, 78.6133, 184.082, 225.0977, 202.6367, 85.9375, 62.9883, 190.918, 2.4414, 204.5898, 195.8008, 5.3711, 218.2617, 211.4258, 188.9648, 79.5898, 73.2422, 64.9414, 76.6602, 70.8008
#SHOT: 159243 TIME: 404.271
242.1875, 1.9531, 247.0703, 90.332, 73.2422, 202.6367, 85.9375, 204.5898, 5.3711, 16.6016, 218.2617, 63.4766, 195.8008, 190.918, 211.4258, 188.9648, 79.5898, 65.4297, 76.6602, 71.2891
#SHOT: 159243 TIME: 404.783
197.7539, 180.6641, 242.1875, 202.6367, 204.5898, 238.7695, 218.2617, 90.8203, 209.4727, 247.0703, 63.4766, 195.8008, 190.918, 211.4258, 188.9648, 86.4258, 79.5898, 65.918, 76.6602, 71.2891
#SHOT: 159243 TIME: 405.295
208.9844, 63.9648, 180.6641, 67.3828, 202.6367, 218.2617, 81.543, 197.7539, 238.7695, 247.0703, 204.5898, 188.9648, 211.4258, 195.8008, 190.918, 79.5898, 86.4258, 65.918, 76.6602, 70.8008
#SHOT: 159243 TIME: 405.807
197.7539, 180.6641, 190.918, 247.0703, 184.082, 202.6367, 85.9375, 62.9883, 22.9492, 24.4141, 188.9648, 25.8789, 2.4414, 211.4258, 204.5898, 195.8008, 79.5898, 65.918, 76.6602, 70.8008
#SHOT: 159243 TIME: 406.319
17.0898, 219.7266, 180.6641, 202.6367, 184.082, 83.9844, 85.9375, 24.4141, 204.5898, 2.4414, 188.9648, 211.4258, 195.8008, 67.3828, 23.4375, 63.4766, 79.5898, 65.918, 76.1719, 70.3125
#SHOT: 159243 TIME: 406.831
197.7539, 202.6367, 246.0938, 60.0586, 26.8555, 2.9297, 85.9375, 204.5898, 23.4375, 67.3828, 79.5898, 25.3906, 195.8008, 211.4258, 188.9648, 84.4727, 73.2422, 65.4297, 76.1719, 70.3125
#SHOT: 159243 TIME: 407.343
212.8906, 184.082, 182.1289, 246.0938, 225.0977, 60.0586, 190.918, 202.6367, 2.4414, 79.5898, 197.7539, 195.8008, 211.4258, 204.5898, 188.9648, 73.7305, 85.4492, 76.6602, 64.9414, 70.8008
#SHOT: 159243 TIME: 407.855
89.3555, 12.6953, 245.6055, 218.2617, 202.6367, 190.918, 1.9531, 182.1289, 197.7539, 67.8711, 51.2695, 195.8008, 204.5898, 211.4258, 79.5898, 188.9648, 85.9375, 76.6602, 65.918, 71.2891
#SHOT: 159243 TIME: 408.367
25.8789, 182.1289, 16.1133, 202.6367, 197.7539, 88.8672, 190.918, 51.2695, 204.5898, 74.2188, 1.9531, 195.8008, 211.4258, 188.9648, 86.4258, 79.5898, 63.4766, 76.6602, 66.4063, 71.2891
#SHOT: 159243 TIME: 408.879
4.8828, 16.1133, 202.6367, 90.8203, 184.082, 190.918, 1.9531, 73.7305, 69.3359, 7.8125, 79.5898, 204.5898, 188.9648, 62.9883, 86.9141, 195.8008, 211.4258, 66.4063, 76.6602, 71.2891
#SHOT: 159243 TIME: 409.391
80.0781, 182.1289, 184.082, 202.6367, 10.7422, 190.918, 218.2617, 20.0195, 247.0703, 90.8203, 188.9648, 79.1016, 204.5898, 211.4258, 86.9141, 195.8008, 62.9883, 66.4063, 76.6602, 70.8008
#SHOT: 159243 TIME: 409.903
190.918, 147.9492, 202.6367, 218.2617, 90.8203, 54.6875, 241.2109, 247.0703, 74.707, 188.9648, 19.5313, 204.5898, 22.9492, 211.4258, 195.8008, 86.9141, 66.4063, 64.9414, 77.1484, 70.8008
#SHOT: 159243 TIME: 410.415
54.6875, 190.918, 8.3008, 218.2617, 4.3945, 19.5313, 204.5898, 202.6367, 24.9023, 188.9648, 86.9141, 195.8008, 211.4258, 63.9648, 74.2188, 66.8945, 22.9492, 64.9414, 77.1484, 70.8008
#SHOT: 159243 TIME: 410.927
86.4258, 246.0938, 212.8906, 190.918, 19.5313, 202.6367, 218.2617, 211.4258, 8.3008, 195.8008, 2.4414, 204.5898, 188.9648, 64.9414, 25.8789, 62.9883, 73.7305, 67.3828, 76.6602, 70.8008
#SHOT: 159243 TIME: 411.439
212.8906, 206.0547, 240.2344, 19.5313, 27.832, 218.2617, 195.8008, 211.4258, 18.5547, 188.9648, 87.4023, 1.9531, 204.5898, 78.6133, 25.8789, 62.5, 74.2188, 67.3828, 76.6602, 71.2891
#SHOT: 159243 TIME: 411.951
225.0977, 236.8164, 26.3672, 202.6367, 190.918, 206.0547, 218.2617, 188.9648, 74.2188, 195.8008, 211.4258, 204.5898, 87.4023, 69.3359, 1.9531, 18.5547, 62.9883, 66.8945, 76.6602, 71.2891
#SHOT: 159243 TIME: 412.463
83.9844, 247.0703, 225.0977, 86.9141, 62.5, 190.918, 202.6367, 87.8906, 188.9648, 218.2617, 1.9531, 69.3359, 204.5898, 211.4258, 195.8008, 18.5547, 65.918, 67.3828, 76.6602, 71.7773
#SHOT: 159243 TIME: 412.975
175.293, 73.7305, 90.8203, 190.918, 202.6367, 204.5898, 1.9531, 5.3711, 218.2617, 195.8008, 69.8242, 211.4258, 188.9648, 86.4258, 78.6133, 63.9648, 66.4063, 67.3828, 76.6602, 71.7773
#SHOT: 159243 TIME: 413.487
1.9531, 225.0977, 190.918, 242.1875, 9.2773, 2.9297, 204.5898, 218.2617, 5.3711, 69.8242, 188.9648, 195.8008, 211.4258, 78.6133, 85.9375, 64.4531, 67.8711, 66.4063, 76.6602, 71.7773
#SHOT: 159243 TIME: 413.999
245.6055, 218.2617, 190.918, 88.3789, 22.4609, 62.5, 188.9648, 204.5898, 75.1953, 5.3711, 1.9531, 211.4258, 195.8008, 73.7305, 69.8242, 85.9375, 64.4531, 67.3828, 77.1484, 71.7773
#SHOT: 159243 TIME: 414.511
18.5547, 246.0938, 190.918, 5.3711, 25.3906, 204.5898, 84.9609, 2.4414, 78.6133, 211.4258, 188.9648, 85.9375, 195.8008, 65.918, 22.4609, 74.2188, 64.4531, 67.3828, 77.1484, 71.2891
#SHOT: 159243 TIME: 415.023
240.2344, 218.2617, 83.0078, 204.5898, 2.9297, 87.4023, 242.1875, 211.4258, 20.0195, 25.3906, 22.4609, 188.9648, 195.8008, 84.9609, 65.918, 74.2188, 64.4531, 67.8711, 77.1484, 71.2891
#SHOT: 159243 TIME: 415.535
222.6563, 233.3984, 1.9531, 8.7891, 240.2344, 85.4492, 87.4023, 218.2617, 79.5898, 204.5898, 195.8008, 211.4258, 188.9648, 82.5195, 64.9414, 65.918, 20.0195, 67.8711, 71.7773, 77.1484
#SHOT: 159243 TIME: 416.047
85.9375, 197.7539, 8.7891, 206.0547, 62.0117, 233.3984, 218.2617, 195.8008, 87.8906, 204.5898, 188.9648, 82.0313, 10.7422, 211.4258, 79.1016, 20.5078, 65.918, 67.8711, 71.7773, 77.1484
#SHOT: 159243 TIME: 416.559
190.918, 156.25, 197.7539, 184.082, 182.1289, 233.3984, 79.1016, 10.2539, 82.0313, 195.8008, 188.9648, 62.0117, 204.5898, 75.1953, 211.4258, 20.9961, 65.4297, 68.3594, 77.1484, 71.7773
#SHOT: 159243 TIME: 417.071
225.0977, 202.6367, 218.2617, 66.4063, 21.9727, 229.9805, 25.8789, 83.0078, 64.4531, 184.082, 10.2539, 8.7891, 188.9648, 195.8008, 204.5898, 211.4258, 85.9375, 68.3594, 77.1484, 71.7773
#SHOT: 159243 TIME: 417.583
202.6367, 91.7969, 218.2617, 229.9805, 184.082, 22.4609, 83.0078, 204.5898, 211.4258, 8.7891, 195.8008, 62.9883, 188.9648, 65.918, 64.4531, 85.9375, 73.7305, 68.3594, 77.1484, 71.7773
#SHOT: 159243 TIME: 418.095
202.6367, 5.8594, 8.7891, 15.1367, 218.2617, 184.082, 211.4258, 24.9023, 204.5898, 188.9648, 195.8008, 63.9648, 22.9492, 85.9375, 73.7305, 66.4063, 69.3359, 67.8711, 77.1484, 71.7773
#SHOT: 159243 TIME: 418.607
48.3398, 202.6367, 5.3711, 19.5313, 15.1367, 184.082, 188.9648, 204.5898, 211.4258, 22.4609, 195.8008, 24.9023, 63.9648, 85.9375, 66.4063, 26.8555, 73.2422, 76.6602, 68.3594, 71.7773
#SHOT: 159243 TIME: 419.119
197.7539, 8.3008, 218.2617, 5.3711, 15.1367, 202.6367, 184.082, 190.918, 60.0586, 188.9648, 204.5898, 211.4258, 195.8008, 65.4297, 85.4492, 26.8555, 62.5, 77.1484, 68.8477, 71.7773
#SHOT: 159243 TIME: 419.631
25.3906, 240.7227, 184.082, 15.1367, 7.8125, 190.918, 5.3711, 218.2617, 195.8008, 204.5898, 188.9648, 60.5469, 211.4258, 2.9297, 62.5, 86.4258, 65.4297, 77.6367, 68.3594, 71.7773
#SHOT: 159243 TIME: 420.143
190.918, 225.0977, 182.1289, 195.8008, 238.7695, 219.7266, 4.8828, 79.5898, 75.6836, 204.5898, 218.2617, 188.9648, 211.4258, 60.5469, 86.4258, 65.4297, 63.9648, 77.6367, 68.3594, 71.7773
#SHOT: 159243 TIME: 420.655
82.5195, 156.7383, 225.0977, 238.7695, 60.5469, 195.8008, 219.7266, 218.2617, 190.918, 204.5898, 1.9531, 65.4297, 188.9648, 211.4258, 75.6836, 85.9375, 63.4766, 78.125, 71.7773, 67.8711
#SHOT: 159243 TIME: 421.167
142.0898, 202.6367, 190.918, 225.0977, 60.5469, 206.0547, 93.2617, 195.8008, 218.2617, 80.5664, 204.5898, 188.9648, 211.4258, 77.1484, 63.9648, 84.4727, 75.6836, 78.125, 71.7773, 67.8711
#SHOT: 159243 TIME: 421.679
245.6055, 60.5469, 190.918, 90.332, 225.0977, 180.6641, 84.4727, 62.5, 218.2617, 195.8008, 204.5898, 2.4414, 93.2617, 87.4023, 211.4258, 188.9648, 64.4531, 78.125, 71.7773, 67.8711
#SHOT: 159243 TIME: 422.191
89.8438, 223.1445, 180.6641, 218.2617, 87.8906, 190.918, 75.1953, 1.9531, 211.4258, 195.8008, 63.9648, 204.5898, 93.2617, 188.9648, 24.4141, 62.5, 85.4492, 78.125, 71.7773, 67.8711
#SHOT: 159243 TIME: 422.703
156.7383, 56.1523, 246.0938, 190.918, 211.4258, 204.5898, 1.9531, 74.707, 223.1445, 195.8008, 188.9648, 151.3672, 63.9648, 85.4492, 24.4141, 62.0117, 64.9414, 78.125, 71.7773, 67.8711
#SHOT: 159243 TIME: 423.215
211.4258, 90.332, 204.5898, 140.1367, 24.4141, 56.1523, 223.1445, 188.9648, 148.9258, 195.8008, 27.3438, 151.3672, 77.1484, 85.4492, 1.9531, 62.0117, 78.6133, 64.9414, 68.3594, 71.7773
#SHOT: 159243 TIME: 423.727
15.625, 218.2617, 148.9258, 90.8203, 27.3438, 223.1445, 12.6953, 211.4258, 204.5898, 6.8359, 80.0781, 195.8008, 188.9648, 1.9531, 85.9375, 62.5, 77.1484, 64.9414, 71.7773, 68.3594
#SHOT: 159243 TIME: 424.239
236.8164, 242.6758, 190.918, 218.2617, 182.1289, 12.207, 184.082, 62.9883, 194.3359, 6.8359, 211.4258, 84.9609, 80.5664, 195.8008, 204.5898, 188.9648, 64.4531, 77.6367, 68.3594, 71.7773
#SHOT: 159243 TIME: 424.751
218.2617, 90.8203, 184.082, 6.8359, 4.3945, 1.9531, 194.3359, 12.207, 211.4258, 204.5898, 195.8008, 188.9648, 86.9141, 84.9609, 81.0547, 65.918, 63.9648, 77.1484, 67.8711, 71.7773
#SHOT: 159243 TIME: 425.263
141.1133, 236.8164, 204.5898, 247.0703, 7.3242, 143.0664, 90.8203, 151.3672, 211.4258, 188.9648, 86.9141, 195.8008, 82.5195, 69.8242, 84.9609, 77.1484, 63.9648, 65.918, 71.7773, 67.8711
#SHOT: 159243 TIME: 425.775
139.6484, 204.5898, 5.3711, 90.8203, 147.4609, 211.4258, 188.9648, 143.0664, 247.0703, 2.4414, 195.8008, 151.3672, 82.5195, 76.1719, 84.9609, 77.1484, 65.918, 63.9648, 71.7773, 67.8711
#SHOT: 159243 TIME: 426.287
204.5898, 145.9961, 70.3125, 151.3672, 90.8203, 188.9648, 195.8008, 139.6484, 211.4258, 62.0117, 86.4258, 2.4414, 84.4727, 78.125, 73.7305, 76.1719, 64.4531, 65.918, 72.2656, 67.8711
#SHOT: 159243 TIME: 426.799
195.8008, 62.0117, 4.3945, 87.8906, 90.332, 211.4258, 2.4414, 147.4609, 188.9648, 145.9961, 140.1367, 85.9375, 151.8555, 64.9414, 78.125, 84.4727, 76.6602, 73.7305, 67.8711, 72.2656
#SHOT: 159243 TIME: 427.311
62.0117, 229.9805, 182.1289, 157.7148, 204.5898, 190.918, 4.3945, 211.4258, 195.8008, 65.4297, 188.9648, 140.1367, 142.5781, 147.4609, 151.8555, 84.4727, 76.6602, 73.7305, 67.3828, 72.2656
#SHOT: 159243 TIME: 427.823
145.5078, 4.8828, 204.5898, 62.9883, 211.4258, 188.9648, 195.8008, 142.0898, 151.8555, 140.1367, 23.9258, 146.9727, 1.9531, 84.9609, 73.7305, 65.4297, 76.6602, 67.3828, 68.8477, 71.7773
#SHOT: 159243 TIME: 428.335
195.8008, 211.4258, 188.9648, 4.8828, 204.5898, 23.9258, 1.9531, 62.5, 26.3672, 12.207, 151.8555, 140.1367, 146.9727, 84.9609, 142.0898, 66.4063, 72.7539, 76.6602, 71.7773, 68.8477
#SHOT: 159243 TIME: 428.847
135.7422, 211.4258, 151.8555, 12.6953, 188.9648, 137.207, 86.4258, 204.5898, 84.9609, 140.1367, 78.6133, 62.5, 146.9727, 65.4297, 70.3125, 142.0898, 66.8945, 77.1484, 72.7539, 68.8477
#SHOT: 159243 TIME: 429.359
211.4258, 5.3711, 135.2539, 188.9648, 62.0117, 204.5898, 64.9414, 195.8008, 83.9844, 137.207, 140.625, 86.9141, 2.4414, 147.4609, 70.8008, 142.0898, 66.8945, 77.1484, 72.7539, 68.3594
#SHOT: 159243 TIME: 429.871
218.2617, 188.9648, 86.9141, 151.3672, 204.5898, 211.4258, 135.7422, 195.8008, 5.3711, 136.7188, 140.625, 2.4414, 70.8008, 65.4297, 147.4609, 66.8945, 142.0898, 77.1484, 68.3594, 72.7539
#SHOT: 159243 TIME: 430.383
247.0703, 85.4492, 135.7422, 218.2617, 5.3711, 188.9648, 61.5234, 204.5898, 136.7188, 211.4258, 2.9297, 151.3672, 142.0898, 70.3125, 146.9727, 67.3828, 65.4297, 68.3594, 77.1484, 72.7539
#SHOT: 159243 TIME: 430.895
190.918, 11.2305, 84.9609, 136.7188, 2.9297, 188.9648, 218.2617, 247.0703, 204.5898, 211.4258, 61.5234, 63.9648, 151.3672, 141.1133, 146.9727, 70.8008, 65.918, 68.3594, 77.1484, 73.2422
#SHOT: 159243 TIME: 431.407
182.1289, 62.5, 82.0313, 63.4766, 218.2617, 188.9648, 85.9375, 2.4414, 211.4258, 22.4609, 204.5898, 151.8555, 75.1953, 141.1133, 146.9727, 71.2891, 65.918, 67.8711, 77.1484, 73.2422
#SHOT: 159243 TIME: 431.919
218.2617, 22.4609, 188.9648, 63.4766, 195.8008, 246.0938, 23.4375, 211.4258, 204.5898, 151.3672, 75.1953, 62.0117, 141.6016, 146.9727, 70.8008, 65.4297, 72.7539, 67.8711, 73.7305, 77.1484
#SHOT: 159243 TIME: 432.431
26.3672, 151.8555, 245.6055, 83.4961, 86.4258, 188.9648, 204.5898, 211.4258, 62.0117, 63.4766, 195.8008, 1.9531, 21.9727, 23.9258, 141.6016, 146.9727, 65.918, 67.8711, 77.1484, 73.2422
#SHOT: 159243 TIME: 432.943
131.3477, 86.9141, 218.2617, 204.5898, 188.9648, 83.9844, 245.6055, 57.6172, 2.4414, 211.4258, 195.8008, 151.8555, 62.9883, 22.4609, 141.6016, 146.9727, 66.4063, 77.1484, 68.3594, 73.2422
#SHOT: 159243 TIME: 433.455
70.3125, 188.9648, 90.8203, 211.4258, 218.2617, 195.8008, 80.5664, 131.3477, 58.1055, 22.9492, 78.6133, 151.8555, 63.4766, 141.6016, 146.4844, 65.918, 73.2422, 77.1484, 68.3594, 72.2656
#SHOT: 159243 TIME: 433.967
2.4414, 218.2617, 204.5898, 190.918, 188.9648, 182.1289, 195.8008, 211.4258, 131.3477, 58.1055, 151.8555, 142.0898, 22.9492, 65.4297, 63.4766, 146.9727, 67.3828, 68.3594, 77.6367, 72.7539
#SHOT: 159243 TIME: 434.479
204.5898, 83.4961, 195.8008, 23.9258, 188.9648, 211.4258, 58.5938, 182.1289, 2.4414, 22.9492, 151.8555, 131.8359, 63.4766, 75.1953, 142.0898, 65.4297, 146.4844, 77.6367, 68.8477, 72.7539
#SHOT: 159243 TIME: 434.991
218.2617, 211.4258, 63.4766, 204.5898, 84.9609, 90.8203, 188.9648, 182.1289, 151.8555, 22.4609, 2.4414, 64.9414, 23.4375, 67.8711, 142.0898, 65.918, 146.4844, 77.1484, 68.8477, 72.7539
#SHOT: 159243 TIME: 435.503
182.1289, 22.4609, 247.0703, 195.8008, 218.2617, 151.3672, 83.4961, 90.8203, 204.5898, 211.4258, 188.9648, 63.4766, 23.4375, 67.8711, 65.918, 142.0898, 145.9961, 77.1484, 69.3359, 72.7539
#SHOT: 159243 TIME: 436.015
239.2578, 86.4258, 197.7539, 83.9844, 218.2617, 195.8008, 63.4766, 188.9648, 204.5898, 211.4258, 151.3672, 22.4609, 64.9414, 66.8945, 142.0898, 23.9258, 145.5078, 77.1484, 72.7539, 69.3359
#SHOT: 159243 TIME: 436.527
202.6367, 197.7539, 218.2617, 1.9531, 22.4609, 204.5898, 190.918, 86.4258, 188.9648, 211.4258, 195.8008, 64.4531, 23.9258, 142.0898, 145.5078, 68.3594, 66.8945, 73.2422, 77.1484, 69.3359
#SHOT: 159243 TIME: 437.039
225.0977, 182.1289, 204.5898, 1.9531, 62.9883, 218.2617, 190.918, 188.9648, 83.9844, 211.4258, 145.5078, 195.8008, 86.4258, 142.5781, 23.4375, 66.8945, 68.3594, 73.2422, 77.1484, 69.8242
#SHOT: 159243 TIME: 437.551
81.0547, 118.1641, 59.082, 204.5898, 190.918, 218.2617, 86.4258, 144.5313, 188.9648, 83.9844, 142.5781, 211.4258, 195.8008, 62.9883, 60.5469, 23.4375, 77.1484, 72.7539, 68.3594, 69.8242
#SHOT: 159243 TIME: 438.063
204.5898, 83.4961, 218.2617, 188.9648, 190.918, 211.4258, 195.8008, 22.4609, 65.4297, 1.9531, 60.5469, 63.4766, 142.5781, 144.5313, 23.9258, 74.707, 72.7539, 68.3594, 77.1484, 69.8242
#SHOT: 159243 TIME: 438.575
247.0703, 218.2617, 211.4258, 147.9492, 182.1289, 195.8008, 190.918, 149.4141, 60.5469, 138.1836, 24.4141, 84.9609, 63.9648, 23.4375, 144.5313, 142.5781, 72.7539, 77.1484, 70.3125, 67.8711
#SHOT: 159243 TIME: 439.087
211.4258, 182.1289, 149.9023, 221.6797, 188.9648, 190.918, 195.8008, 82.5195, 247.0703, 84.9609, 22.9492, 23.9258, 142.5781, 144.043, 74.2188, 72.2656, 73.2422, 77.1484, 70.3125, 68.3594
#SHOT: 159243 TIME: 439.599
202.6367, 188.9648, 182.1289, 204.5898, 225.0977, 190.918, 22.9492, 195.8008, 85.9375, 211.4258, 142.5781, 144.043, 62.9883, 60.5469, 23.9258, 65.4297, 73.2422, 77.1484, 70.8008, 68.3594
#SHOT: 159243 TIME: 440.111
2.4414, 225.0977, 190.918, 218.2617, 150.3906, 195.8008, 202.6367, 204.5898, 188.9648, 85.9375, 211.4258, 60.5469, 23.9258, 65.4297, 62.9883, 73.2422, 68.8477, 67.8711, 77.1484, 70.8008
#SHOT: 159243 TIME: 440.623
175.293, 65.4297, 5.3711, 202.6367, 190.918, 133.3008, 218.2617, 204.5898, 1.9531, 211.4258, 188.9648, 144.043, 61.0352, 23.9258, 62.9883, 75.6836, 73.2422, 76.6602, 68.8477, 71.2891
#SHOT: 159243 TIME: 441.135
180.6641, 184.082, 133.3008, 182.1289, 190.918, 218.2617, 204.5898, 135.2539, 188.9648, 211.4258, 61.0352, 1.9531, 65.918, 144.043, 23.9258, 63.4766, 72.7539, 76.6602, 71.2891, 68.3594
#SHOT: 159243 TIME: 441.647
197.7539, 180.6641, 218.2617, 184.082, 8.3008, 182.1289, 144.043, 190.918, 204.5898, 81.0547, 188.9648, 61.5234, 211.4258, 63.9648, 65.918, 24.4141, 74.707, 76.1719, 71.7773, 68.3594
#SHOT: 159243 TIME: 442.159
246.0938, 140.625, 5.8594, 8.3008, 190.918, 150.3906, 2.9297, 204.5898, 211.4258, 136.7188, 24.4141, 62.0117, 188.9648, 23.4375, 65.918, 64.4531, 144.5313, 76.1719, 68.3594, 72.2656
#SHOT: 159243 TIME: 442.671
197.7539, 184.082, 154.7852, 249.0234, 3.418, 218.2617, 140.1367, 195.8008, 190.918, 211.4258, 136.7188, 188.9648, 204.5898, 23.4375, 144.5313, 70.3125, 64.4531, 76.1719, 68.3594, 72.7539
#SHOT: 159243 TIME: 443.183
111.3281, 184.082, 225.0977, 140.1367, 190.918, 182.1289, 195.8008, 218.2617, 211.4258, 188.9648, 204.5898, 60.0586, 136.7188, 144.043, 23.9258, 70.3125, 64.4531, 76.1719, 73.2422, 68.3594
#SHOT: 159243 TIME: 443.695
145.0195, 83.9844, 85.9375, 182.1289, 138.1836, 70.3125, 204.5898, 195.8008, 218.2617, 211.4258, 60.0586, 140.1367, 143.5547, 188.9648, 136.7188, 24.4141, 64.9414, 75.6836, 68.3594, 73.2422
#SHOT: 159243 TIME: 444.207
4.3945, 84.4727, 184.082, 175.293, 190.918, 136.7188, 182.1289, 204.5898, 218.2617, 211.4258, 145.5078, 188.9648, 70.3125, 195.8008, 143.5547, 24.4141, 65.4297, 76.1719, 68.3594, 73.7305
#SHOT: 159243 TIME: 444.719
184.082, 78.6133, 190.918, 137.6953, 204.5898, 182.1289, 218.2617, 188.9648, 211.4258, 139.1602, 145.9961, 195.8008, 144.043, 23.9258, 67.3828, 75.6836, 72.2656, 65.4297, 68.8477, 74.2188
#SHOT: 159243 TIME: 445.231
204.5898, 140.625, 62.0117, 188.9648, 60.0586, 182.1289, 211.4258, 195.8008, 190.918, 137.6953, 78.125, 66.8945, 144.043, 70.8008, 23.9258, 71.7773, 65.4297, 68.8477, 75.6836, 74.2188
#SHOT: 159243 TIME: 445.743
197.7539, 62.0117, 190.918, 188.9648, 211.4258, 83.4961, 218.2617, 204.5898, 150.8789, 146.9727, 137.6953, 64.4531, 66.8945, 23.9258, 144.5313, 71.2891, 65.4297, 72.2656, 69.3359, 74.707
#SHOT: 159243 TIME: 446.255
218.2617, 148.4375, 211.4258, 188.9648, 78.6133, 141.6016, 204.5898, 138.1836, 24.9023, 151.3672, 146.4844, 80.5664, 64.9414, 23.9258, 144.5313, 66.4063, 76.1719, 71.2891, 69.3359, 74.707
#SHOT: 159243 TIME: 446.767
229.9805, 182.1289, 7.8125, 62.5, 61.0352, 188.9648, 204.5898, 211.4258, 146.9727, 151.8555, 138.6719, 141.6016, 24.9023, 144.043, 80.0781, 64.9414, 66.4063, 71.7773, 69.3359, 74.707
#SHOT: 159243 TIME: 447.279
195.8008, 182.1289, 25.3906, 218.2617, 204.5898, 188.9648, 138.6719, 8.3008, 211.4258, 23.9258, 141.6016, 144.043, 57.1289, 151.8555, 65.4297, 80.0781, 66.4063, 71.7773, 69.3359, 75.1953
#SHOT: 159243 TIME: 447.791
190.918, 149.4141, 195.8008, 218.2617, 62.0117, 133.7891, 188.9648, 204.5898, 8.3008, 211.4258, 147.4609, 143.5547, 57.6172, 151.3672, 23.9258, 79.5898, 66.4063, 71.7773, 69.8242, 75.6836
#SHOT: 159243 TIME: 448.303
147.4609, 141.1133, 57.6172, 190.918, 8.3008, 204.5898, 195.8008, 188.9648, 143.5547, 211.4258, 133.7891, 64.9414, 24.4141, 151.3672, 66.4063, 79.5898, 71.2891, 77.1484, 76.1719, 69.3359
#SHOT: 159243 TIME: 448.815
190.918, 73.2422, 145.9961, 85.4492, 4.3945, 1.9531, 197.7539, 195.8008, 204.5898, 188.9648, 133.7891, 211.4258, 64.4531, 150.8789, 79.1016, 24.9023, 66.8945, 71.7773, 76.6602, 69.3359
#SHOT: 159243 TIME: 449.327
63.4766, 149.4141, 218.2617, 82.0313, 202.6367, 133.7891, 240.2344, 204.5898, 209.4727, 190.918, 85.4492, 195.8008, 23.9258, 197.7539, 188.9648, 147.9492, 211.4258, 66.8945, 76.6602, 69.3359
#SHOT: 159243 TIME: 449.839
180.6641, 204.5898, 73.2422, 60.5469, 140.625, 146.4844, 218.2617, 225.0977, 82.0313, 195.8008, 197.7539, 65.4297, 188.9648, 147.9492, 74.707, 24.4141, 211.4258, 67.3828, 77.1484, 69.3359
#SHOT: 159243 TIME: 450.351
190.918, 195.8008, 225.0977, 140.625, 197.7539, 138.6719, 188.9648, 145.9961, 149.9023, 204.5898, 218.2617, 65.4297, 75.1953, 211.4258, 147.9492, 24.4141, 71.2891, 66.8945, 77.1484, 69.3359
#SHOT: 159243 TIME: 450.863
195.8008, 244.1406, 182.1289, 62.0117, 188.9648, 145.9961, 190.918, 4.3945, 147.9492, 23.9258, 218.2617, 149.4141, 56.1523, 211.4258, 204.5898, 64.9414, 74.707, 67.3828, 77.1484, 69.3359
#SHOT: 159243 TIME: 451.375
153.3203, 140.1367, 182.1289, 190.918, 188.9648, 10.7422, 59.5703, 74.707, 218.2617, 244.1406, 149.4141, 56.1523, 62.5, 65.4297, 211.4258, 204.5898, 71.2891, 67.3828, 77.6367, 69.3359
#SHOT: 159243 TIME: 451.887
190.918, 142.0898, 5.3711, 6.8359, 73.2422, 182.1289, 74.2188, 65.918, 195.8008, 188.9648, 218.2617, 211.4258, 204.5898, 10.7422, 149.4141, 71.2891, 62.0117, 67.3828, 77.6367, 69.3359
#SHOT: 159243 TIME: 452.399
205.0781, 57.1289, 241.6992, 140.625, 182.1289, 142.0898, 74.2188, 195.8008, 218.2617, 73.2422, 190.918, 134.7656, 145.5078, 211.4258, 149.4141, 188.9648, 62.5, 65.4297, 78.125, 69.3359
#SHOT: 159243 TIME: 452.911
218.2617, 2.4414, 184.082, 90.8203, 195.8008, 142.0898, 74.2188, 182.1289, 204.5898, 211.4258, 190.918, 188.9648, 25.3906, 62.5, 61.0352, 65.4297, 71.2891, 67.3828, 78.125, 69.3359
#SHOT: 159243 TIME: 453.423
182.1289, 190.918, 211.4258, 197.7539, 204.5898, 135.2539, 24.4141, 195.8008, 5.3711, 73.7305, 145.0195, 188.9648, 2.9297, 57.6172, 62.5, 25.8789, 65.918, 61.0352, 69.3359, 78.6133
#SHOT: 159243 TIME: 453.935
218.75, 236.8164, 135.7422, 243.6523, 24.4141, 211.4258, 204.5898, 188.9648, 5.3711, 25.8789, 182.1289, 57.6172, 195.8008, 65.918, 73.7305, 61.0352, 62.5, 67.3828, 69.3359, 78.6133
#SHOT: 159243 TIME: 454.447
243.6523, 218.2617, 142.5781, 204.5898, 5.3711, 58.1055, 149.9023, 67.3828, 188.9648, 211.4258, 182.1289, 195.8008, 74.2188, 64.4531, 140.625, 61.0352, 62.5, 71.2891, 78.6133, 69.3359
#SHOT: 159243 TIME: 454.959
218.2617, 87.4023, 84.9609, 207.5195, 204.5898, 58.1055, 73.7305, 195.8008, 142.5781, 211.4258, 134.2773, 136.2305, 64.9414, 149.9023, 188.9648, 140.625, 61.5234, 71.2891, 79.1016, 69.3359
#SHOT: 159243 TIME: 455.471
240.2344, 143.5547, 57.6172, 134.2773, 5.8594, 218.2617, 140.625, 65.4297, 73.7305, 145.0195, 204.5898, 195.8008, 211.4258, 136.7188, 86.9141, 188.9648, 62.0117, 71.2891, 79.5898, 69.3359
#SHOT: 159243 TIME: 455.983
148.9258, 202.6367, 140.625, 4.3945, 86.9141, 66.8945, 5.8594, 63.9648, 195.8008, 211.4258, 204.5898, 182.1289, 245.6055, 62.5, 137.207, 188.9648, 71.2891, 78.125, 69.3359, 79.5898
#SHOT: 159243 TIME: 456.495
143.5547, 92.2852, 211.4258, 245.6055, 87.4023, 218.2617, 148.9258, 137.6953, 182.1289, 86.4258, 195.8008, 204.5898, 188.9648, 64.9414, 63.4766, 25.3906, 71.2891, 78.125, 68.8477, 80.0781
#SHOT: 159243 TIME: 457.007
4.8828, 83.4961, 19.5313, 52.2461, 182.1289, 211.4258, 218.2617, 25.8789, 188.9648, 204.5898, 138.6719, 195.8008, 86.9141, 62.9883, 71.7773, 69.8242, 64.9414, 77.6367, 68.8477, 80.0781
#SHOT: 159243 TIME: 457.519
175.293, 25.8789, 184.082, 195.8008, 188.9648, 136.2305, 211.4258, 182.1289, 5.3711, 204.5898, 218.2617, 86.4258, 138.6719, 62.5, 67.3828, 71.7773, 64.9414, 78.125, 68.8477, 80.5664
#SHOT: 159243 TIME: 458.031
197.7539, 140.1367, 195.8008, 60.0586, 184.082, 211.4258, 75.1953, 53.2227, 188.9648, 218.2617, 204.5898, 85.9375, 182.1289, 71.7773, 65.4297, 67.3828, 63.9648, 78.6133, 81.0547, 68.8477
#SHOT: 159243 TIME: 458.543
218.2617, 153.3203, 12.207, 247.5586, 75.1953, 211.4258, 197.7539, 184.082, 71.7773, 85.4492, 195.8008, 136.7188, 204.5898, 140.625, 188.9648, 182.1289, 64.4531, 78.6133, 81.0547, 68.8477
#SHOT: 159243 TIME: 459.055
72.7539, 190.918, 197.7539, 85.4492, 153.3203, 55.1758, 211.4258, 195.8008, 3.9063, 204.5898, 6.3477, 140.625, 12.207, 188.9648, 182.1289, 136.7188, 64.9414, 81.543, 78.6133, 68.8477
#SHOT: 159243 TIME: 459.567
247.0703, 197.7539, 12.6953, 218.2617, 195.8008, 190.918, 156.7383, 3.418, 140.625, 211.4258, 6.3477, 204.5898, 182.1289, 188.9648, 72.7539, 136.7188, 64.9414, 81.543, 78.6133, 68.8477
#SHOT: 159243 TIME: 460.079
168.457, 216.3086, 137.207, 53.2227, 190.918, 156.7383, 83.9844, 218.2617, 195.8008, 204.5898, 211.4258, 182.1289, 72.7539, 141.6016, 61.5234, 188.9648, 64.9414, 81.543, 78.6133, 68.3594
#SHOT: 159243 TIME: 460.591
71.2891, 190.918, 197.7539, 211.4258, 229.9805, 247.5586, 218.2617, 142.0898, 8.3008, 204.5898, 195.8008, 182.1289, 188.9648, 72.7539, 61.5234, 25.8789, 64.9414, 81.543, 78.6133, 68.3594
#SHOT: 159243 TIME: 461.103
197.7539, 139.1602, 229.9805, 8.3008, 204.5898, 182.1289, 218.2617, 137.6953, 58.1055, 195.8008, 2.9297, 188.9648, 142.0898, 72.7539, 25.8789, 61.0352, 64.4531, 81.543, 78.125, 68.3594
#SHOT: 159243 TIME: 461.615
150.8789, 5.3711, 25.3906, 190.918, 204.5898, 195.8008, 211.4258, 218.2617, 139.1602, 188.9648, 141.6016, 62.9883, 2.9297, 58.1055, 81.543, 70.8008, 64.4531, 61.0352, 78.125, 68.3594
#SHOT: 159243 TIME: 462.127
182.1289, 66.4063, 144.5313, 64.9414, 2.9297, 190.918, 204.5898, 143.0664, 58.1055, 218.2617, 211.4258, 195.8008, 139.1602, 188.9648, 62.9883, 82.0313, 61.0352, 70.8008, 78.125, 68.3594
#SHOT: 159243 TIME: 462.639
150.3906, 139.6484, 63.4766, 59.5703, 66.8945, 209.4727, 190.918, 211.4258, 218.2617, 188.9648, 182.1289, 82.5195, 195.8008, 204.5898, 136.7188, 61.5234, 145.0195, 72.2656, 78.6133, 68.3594
#SHOT: 159243 TIME: 463.151
147.9492, 3.9063, 190.918, 197.7539, 218.2617, 137.207, 151.3672, 61.5234, 83.9844, 65.4297, 211.4258, 59.5703, 188.9648, 195.8008, 204.5898, 182.1289, 145.9961, 72.7539, 78.6133, 68.3594
#SHOT: 159243 TIME: 463.663
4.3945, 218.2617, 58.5938, 71.2891, 83.9844, 211.4258, 83.0078, 188.9648, 62.0117, 204.5898, 182.1289, 142.0898, 195.8008, 151.8555, 145.9961, 64.9414, 72.2656, 73.7305, 78.6133, 68.3594
#SHOT: 159243 TIME: 464.175
147.9492, 142.5781, 62.9883, 62.0117, 151.8555, 25.8789, 58.5938, 195.8008, 204.5898, 182.1289, 188.9648, 211.4258, 64.9414, 80.5664, 70.3125, 83.4961, 74.2188, 72.2656, 78.6133, 68.3594
#SHOT: 159243 TIME: 464.687
143.0664, 190.918, 195.8008, 197.7539, 146.4844, 218.2617, 82.5195, 153.3203, 182.1289, 84.9609, 204.5898, 211.4258, 83.9844, 188.9648, 25.8789, 62.9883, 75.1953, 72.2656, 78.6133, 67.8711
#SHOT: 159243 TIME: 465.199
236.8164, 25.3906, 244.1406, 246.0938, 197.7539, 149.9023, 139.6484, 240.2344, 190.918, 182.1289, 218.2617, 188.9648, 211.4258, 204.5898, 84.9609, 64.4531, 73.2422, 75.6836, 78.125, 68.3594
#SHOT: 159243 TIME: 465.711
147.9492, 90.8203, 190.918, 197.7539, 188.9648, 195.8008, 211.4258, 204.5898, 182.1289, 240.2344, 218.2617, 140.1367, 149.9023, 59.082, 85.4492, 64.4531, 71.7773, 73.7305, 77.6367, 68.3594
#SHOT: 159243 TIME: 466.223
144.043, 197.7539, 60.5469, 247.0703, 188.9648, 195.8008, 83.9844, 218.2617, 211.4258, 202.6367, 86.9141, 140.1367, 88.3789, 182.1289, 59.082, 149.9023, 71.7773, 73.7305, 77.6367, 68.3594
#SHOT: 159243 TIME: 466.735
227.0508, 194.3359, 204.5898, 149.9023, 140.625, 218.2617, 211.4258, 190.918, 59.5703, 247.5586, 202.6367, 188.9648, 88.3789, 3.9063, 182.1289, 66.4063, 83.9844, 74.2188, 78.125, 68.3594
#SHOT: 159243 TIME: 467.247
83.9844, 247.0703, 5.3711, 211.4258, 61.5234, 218.2617, 202.6367, 204.5898, 58.1055, 182.1289, 3.9063, 190.918, 188.9648, 1.9531, 72.7539, 79.5898, 65.918, 74.2188, 78.125, 68.3594
#SHOT: 159243 TIME: 467.759
195.8008, 70.8008, 225.0977, 182.1289, 5.3711, 8.3008, 202.6367, 1.9531, 218.2617, 61.5234, 211.4258, 190.918, 58.5938, 188.9648, 204.5898, 65.918, 80.0781, 78.125, 74.2188, 68.3594
#SHOT: 159243 TIME: 468.271
58.5938, 197.7539, 8.3008, 195.8008, 5.3711, 182.1289, 3.418, 190.918, 61.5234, 211.4258, 72.2656, 25.8789, 188.9648, 204.5898, 82.0313, 65.918, 80.5664, 74.707, 77.6367, 68.3594
#SHOT: 159243 TIME: 468.783
190.918, 195.8008, 247.0703, 240.2344, 249.0234, 197.7539, 218.2617, 202.6367, 182.1289, 211.4258, 25.3906, 204.5898, 188.9648, 60.0586, 73.7305, 65.4297, 74.707, 81.0547, 77.6367, 68.3594
#SHOT: 159243 TIME: 469.295
104.4922, 190.918, 111.3281, 2.9297, 182.1289, 202.6367, 227.0508, 197.7539, 24.4141, 211.4258, 218.2617, 27.3438, 204.5898, 65.4297, 188.9648, 60.5469, 73.7305, 77.1484, 81.543, 68.8477
#SHOT: 159243 TIME: 469.807
184.082, 240.2344, 225.0977, 85.9375, 190.918, 111.3281, 211.4258, 197.7539, 180.6641, 235.8398, 182.1289, 218.2617, 204.5898, 70.8008, 188.9648, 60.5469, 73.7305, 81.543, 77.1484, 68.8477
#SHOT: 159243 TIME: 470.319
111.3281, 225.0977, 82.0313, 66.8945, 175.293, 240.2344, 180.6641, 211.4258, 218.2617, 182.1289, 235.8398, 81.0547, 204.5898, 188.9648, 73.2422, 60.5469, 71.2891, 78.6133, 76.6602, 68.8477
#SHOT: 159243 TIME: 470.831
190.918, 143.0664, 235.8398, 90.8203, 82.5195, 182.1289, 53.7109, 2.4414, 80.5664, 202.6367, 218.2617, 188.9648, 204.5898, 211.4258, 84.4727, 60.5469, 78.6133, 71.2891, 76.6602, 68.8477
#SHOT: 159243 TIME: 471.343
190.918, 84.4727, 225.5859, 4.8828, 202.6367, 228.5156, 85.4492, 195.8008, 78.6133, 182.1289, 144.5313, 218.2617, 53.7109, 60.5469, 211.4258, 188.9648, 204.5898, 71.7773, 76.6602, 68.8477
#SHOT: 159243 TIME: 471.855
144.5313, 184.082, 84.4727, 177.2461, 218.2617, 71.2891, 53.7109, 225.0977, 25.8789, 62.5, 211.4258, 182.1289, 72.2656, 195.8008, 5.3711, 204.5898, 188.9648, 85.4492, 76.1719, 69.3359
#SHOT: 159243 TIME: 472.367
66.8945, 218.2617, 88.8672, 225.0977, 146.9727, 5.8594, 211.4258, 86.9141, 204.5898, 83.9844, 62.5, 182.1289, 195.8008, 188.9648, 25.8789, 72.2656, 83.0078, 77.6367, 76.1719, 69.3359
#SHOT: 159243 TIME: 472.879
190.918, 197.7539, 59.082, 211.4258, 66.8945, 146.9727, 204.5898, 218.2617, 182.1289, 88.8672, 195.8008, 188.9648, 72.2656, 25.8789, 64.4531, 83.4961, 82.5195, 69.3359, 70.8008, 76.1719
#SHOT: 159243 TIME: 473.391
19.043, 190.918, 8.3008, 104.4922, 90.8203, 5.3711, 88.8672, 147.4609, 204.5898, 218.2617, 211.4258, 79.5898, 188.9648, 195.8008, 68.8477, 82.5195, 64.4531, 83.4961, 76.6602, 70.8008
#SHOT: 159243 TIME: 473.903
144.043, 245.6055, 182.1289, 79.1016, 190.918, 104.4922, 62.9883, 19.043, 68.8477, 88.8672, 204.5898, 218.2617, 211.4258, 188.9648, 80.0781, 195.8008, 64.9414, 83.4961, 76.6602, 70.8008
#SHOT: 159243 TIME: 474.415
202.6367, 175.293, 150.3906, 3.9063, 5.3711, 156.7383, 190.918, 72.7539, 218.2617, 204.5898, 211.4258, 182.1289, 89.3555, 62.9883, 195.8008, 188.9648, 65.4297, 83.0078, 76.6602, 70.8008
#SHOT: 159243 TIME: 474.927
207.0313, 225.0977, 74.707, 218.2617, 10.2539, 190.918, 79.5898, 62.9883, 211.4258, 195.8008, 204.5898, 5.3711, 188.9648, 89.3555, 65.4297, 73.2422, 78.6133, 76.6602, 83.0078, 70.8008
#SHOT: 159243 TIME: 475.439
211.4258, 206.543, 86.9141, 91.3086, 240.2344, 204.5898, 81.0547, 194.3359, 195.8008, 188.9648, 158.6914, 67.8711, 5.3711, 72.2656, 151.8555, 26.8555, 79.5898, 76.1719, 70.8008, 82.5195
#SHOT: 159243 TIME: 475.951
211.4258, 2.4414, 218.2617, 26.3672, 188.9648, 204.5898, 195.8008, 240.2344, 71.7773, 67.3828, 194.3359, 158.2031, 27.3438, 5.3711, 151.8555, 84.4727, 79.5898, 70.3125, 76.1719, 82.5195
#SHOT: 159243 TIME: 476.463
197.7539, 61.5234, 5.3711, 228.5156, 188.9648, 28.8086, 151.3672, 89.8438, 211.4258, 25.8789, 218.2617, 64.9414, 204.5898, 84.4727, 78.125, 72.7539, 81.0547, 70.8008, 76.1719, 82.5195
#SHOT: 159243 TIME: 476.975
111.3281, 6.8359, 145.0195, 151.3672, 153.8086, 206.0547, 202.6367, 247.0703, 64.9414, 104.4922, 188.9648, 211.4258, 218.2617, 204.5898, 79.1016, 81.0547, 72.7539, 70.8008, 76.6602, 83.0078
#SHOT: 159243 TIME: 477.487
154.2969, 175.293, 6.8359, 197.7539, 88.3789, 195.8008, 104.4922, 93.2617, 218.2617, 188.9648, 182.1289, 61.0352, 204.5898, 211.4258, 90.332, 72.7539, 79.1016, 70.8008, 76.6602, 83.0078
#SHOT: 159243 TIME: 477.999
195.8008, 152.832, 197.7539, 218.2617, 65.918, 204.5898, 4.8828, 211.4258, 188.9648, 85.4492, 93.2617, 61.0352, 182.1289, 72.2656, 90.332, 73.2422, 79.1016, 76.6602, 70.8008, 83.0078
#SHOT: 159243 TIME: 478.511
218.2617, 190.918, 1.9531, 158.2031, 204.5898, 151.8555, 63.4766, 197.7539, 67.8711, 211.4258, 188.9648, 61.0352, 182.1289, 26.8555, 90.332, 72.7539, 79.5898, 77.1484, 70.3125, 83.4961
#SHOT: 159243 TIME: 479.023
187.5, 64.4531, 197.7539, 195.8008, 67.8711, 158.2031, 218.2617, 180.6641, 204.5898, 211.4258, 26.3672, 182.1289, 188.9648, 74.2188, 72.7539, 79.1016, 90.332, 69.8242, 77.1484, 83.4961
#SHOT: 159243 TIME: 479.535
88.8672, 197.7539, 4.8828, 218.2617, 72.2656, 8.7891, 204.5898, 195.8008, 64.4531, 211.4258, 182.1289, 74.2188, 73.2422, 188.9648, 82.0313, 90.8203, 79.1016, 70.3125, 76.6602, 83.4961
#SHOT: 159243 TIME: 480.047
168.457, 241.2109, 111.3281, 87.8906, 218.2617, 64.4531, 197.7539, 204.5898, 8.7891, 182.1289, 211.4258, 195.8008, 72.7539, 74.707, 188.9648, 79.1016, 91.7969, 70.3125, 76.6602, 83.4961
#SHOT: 159243 TIME: 480.559
111.3281, 67.3828, 8.7891, 25.8789, 218.2617, 88.3789, 182.1289, 11.7188, 204.5898, 211.4258, 195.8008, 72.2656, 188.9648, 85.4492, 74.707, 79.5898, 69.8242, 91.7969, 76.6602, 83.4961
#SHOT: 159243 TIME: 481.071
197.7539, 27.3438, 218.2617, 177.2461, 8.7891, 3.9063, 182.1289, 211.4258, 151.3672, 195.8008, 204.5898, 188.9648, 85.4492, 74.707, 72.2656, 69.8242, 79.1016, 92.2852, 83.4961, 77.1484
#SHOT: 159243 TIME: 481.583
211.4258, 247.5586, 90.332, 197.7539, 68.3594, 104.4922, 225.0977, 218.2617, 188.9648, 204.5898, 27.3438, 69.3359, 151.8555, 85.9375, 74.707, 79.1016, 72.7539, 91.7969, 82.5195, 77.1484
#SHOT: 159243 TIME: 482.095
70.3125, 192.3828, 211.4258, 9.2773, 182.1289, 26.3672, 225.0977, 2.9297, 204.5898, 188.9648, 151.8555, 85.9375, 27.832, 68.3594, 79.1016, 74.707, 72.7539, 91.7969, 77.6367, 82.5195
#SHOT: 159243 TIME: 482.607
11.7188, 219.7266, 87.8906, 195.8008, 29.7852, 151.8555, 68.3594, 182.1289, 211.4258, 204.5898, 188.9648, 81.543, 74.707, 69.8242, 72.7539, 92.2852, 84.4727, 79.1016, 83.0078, 77.1484
#SHOT: 159243 TIME: 483.119
151.3672, 202.6367, 190.918, 219.7266, 86.9141, 158.2031, 218.2617, 188.9648, 204.5898, 195.8008, 182.1289, 75.1953, 211.4258, 69.3359, 72.2656, 84.4727, 92.2852, 79.1016, 83.4961, 77.1484
#SHOT: 159243 TIME: 483.631
104.4922, 197.7539, 192.3828, 204.5898, 218.2617, 86.9141, 151.3672, 195.8008, 188.9648, 64.4531, 182.1289, 211.4258, 75.1953, 92.2852, 72.2656, 84.9609, 69.3359, 79.1016, 83.4961, 77.1484
#SHOT: 159243 TIME: 484.143
195.8008, 67.8711, 88.8672, 104.4922, 197.7539, 182.1289, 151.8555, 158.6914, 192.3828, 188.9648, 64.4531, 211.4258, 92.7734, 75.1953, 72.2656, 69.3359, 79.1016, 84.9609, 77.6367, 83.4961
#SHOT: 159243 TIME: 484.655
182.1289, 63.9648, 197.7539, 104.4922, 184.082, 190.918, 8.3008, 204.5898, 88.8672, 211.4258, 188.9648, 151.3672, 75.1953, 92.7734, 72.2656, 69.3359, 79.1016, 83.9844, 84.9609, 77.6367
#SHOT: 159243 TIME: 485.167
2.9297, 182.1289, 225.0977, 195.8008, 211.4258, 104.4922, 204.5898, 81.543, 4.3945, 190.918, 188.9648, 27.3438, 150.8789, 92.7734, 68.8477, 71.7773, 79.1016, 83.9844, 84.9609, 77.1484
#SHOT: 159243 TIME: 485.679
23.9258, 225.0977, 27.832, 5.8594, 63.4766, 211.4258, 204.5898, 190.918, 182.1289, 104.4922, 4.3945, 188.9648, 92.7734, 81.0547, 150.8789, 71.7773, 69.3359, 79.1016, 85.4492, 77.1484
#SHOT: 159243 TIME: 486.191
168.457, 225.0977, 104.4922, 90.332, 6.3477, 218.2617, 65.918, 188.9648, 204.5898, 211.4258, 1.9531, 92.7734, 83.0078, 151.3672, 81.0547, 69.8242, 79.1016, 72.2656, 85.4492, 77.1484
#SHOT: 159243 TIME: 486.703
63.9648, 247.0703, 9.7656, 8.3008, 180.6641, 168.457, 218.2617, 151.3672, 188.9648, 90.332, 211.4258, 204.5898, 80.5664, 1.9531, 92.2852, 84.9609, 79.1016, 72.2656, 69.8242, 77.1484
#SHOT: 159243 TIME: 487.215
180.6641, 218.2617, 225.5859, 8.3008, 168.457, 111.3281, 195.8008, 90.332, 64.4531, 211.4258, 188.9648, 87.4023, 72.2656, 204.5898, 1.9531, 92.7734, 79.1016, 69.8242, 84.9609, 77.1484
#SHOT: 159243 TIME: 487.727
177.2461, 75.1953, 197.7539, 81.0547, 246.0938, 182.1289, 73.2422, 2.4414, 195.8008, 218.2617, 211.4258, 188.9648, 87.4023, 204.5898, 64.4531, 92.7734, 79.1016, 69.8242, 84.9609, 77.1484
#SHOT: 159243 TIME: 488.239
6.3477, 82.5195, 195.8008, 75.1953, 2.9297, 87.4023, 182.1289, 61.0352, 27.3438, 188.9648, 211.4258, 72.2656, 218.2617, 204.5898, 64.4531, 92.7734, 84.4727, 69.3359, 79.1016, 77.1484
#SHOT: 159243 TIME: 488.751
184.082, 195.8008, 211.4258, 197.7539, 218.2617, 5.8594, 64.4531, 188.9648, 2.9297, 182.1289, 204.5898, 82.5195, 69.3359, 61.0352, 92.7734, 27.3438, 72.2656, 79.1016, 76.6602, 84.4727
#SHOT: 159243 TIME: 489.263
197.7539, 5.3711, 223.1445, 184.082, 231.9336, 218.2617, 247.5586, 69.8242, 188.9648, 27.3438, 92.2852, 204.5898, 82.5195, 73.7305, 68.3594, 182.1289, 79.1016, 71.7773, 84.9609, 76.1719
#SHOT: 159243 TIME: 489.775
218.2617, 190.918, 29.2969, 184.082, 197.7539, 206.0547, 65.4297, 62.9883, 247.5586, 211.4258, 188.9648, 92.2852, 204.5898, 71.7773, 182.1289, 73.7305, 79.1016, 69.8242, 76.6602, 84.9609
#SHOT: 159243 TIME: 490.287
97.6563, 175.293, 73.7305, 111.3281, 187.5, 218.2617, 92.2852, 190.918, 67.8711, 206.0547, 81.0547, 211.4258, 62.9883, 204.5898, 188.9648, 182.1289, 79.1016, 84.9609, 69.8242, 76.6602
#SHOT: 159243 TIME: 490.799
225.0977, 195.8008, 175.293, 168.457, 190.918, 182.1289, 74.2188, 83.9844, 211.4258, 66.4063, 218.2617, 90.332, 188.9648, 63.9648, 204.5898, 71.2891, 84.9609, 79.1016, 69.8242, 76.6602
#SHOT: 159243 TIME: 491.311
240.2344, 190.918, 90.8203, 74.2188, 111.3281, 168.457, 182.1289, 83.9844, 84.9609, 211.4258, 78.125, 188.9648, 218.2617, 204.5898, 66.4063, 63.9648, 79.1016, 71.2891, 69.8242, 76.6602
#SHOT: 159243 TIME: 491.823
225.0977, 90.8203, 240.2344, 150.3906, 168.457, 74.707, 64.4531, 204.5898, 182.1289, 89.8438, 84.4727, 218.2617, 26.8555, 211.4258, 188.9648, 69.8242, 66.4063, 78.6133, 76.1719, 71.2891
#SHOT: 159243 TIME: 492.335
82.0313, 26.8555, 225.0977, 8.3008, 218.2617, 150.3906, 204.5898, 211.4258, 83.9844, 182.1289, 28.8086, 188.9648, 90.332, 63.4766, 66.8945, 69.3359, 78.6133, 68.3594, 71.2891, 76.1719
#SHOT: 159243 TIME: 492.847
211.4258, 225.5859, 177.2461, 150.3906, 195.8008, 218.2617, 77.6367, 194.3359, 1.9531, 182.1289, 204.5898, 188.9648, 83.4961, 90.332, 69.8242, 63.4766, 79.1016, 71.2891, 76.1719, 67.8711
#SHOT: 159243 TIME: 493.359
97.6563, 184.082, 202.6367, 225.0977, 81.543, 188.9648, 1.9531, 64.4531, 194.3359, 195.8008, 218.2617, 84.9609, 182.1289, 83.0078, 204.5898, 79.1016, 70.8008, 63.4766, 77.1484, 67.8711
#SHOT: 159243 TIME: 493.871
242.1875, 141.6016, 202.6367, 225.0977, 104.4922, 149.9023, 156.25, 168.457, 195.8008, 148.4375, 211.4258, 182.1289, 218.2617, 84.9609, 204.5898, 83.0078, 63.4766, 77.6367, 70.8008, 67.8711
#SHOT: 159243 TIME: 494.383
168.457, 104.4922, 195.8008, 188.9648, 206.0547, 240.2344, 25.8789, 141.6016, 204.5898, 218.2617, 147.9492, 182.1289, 211.4258, 63.4766, 64.4531, 84.9609, 83.0078, 77.1484, 70.8008, 67.8711
#SHOT: 159243 TIME: 494.895
168.457, 195.8008, 87.4023, 78.6133, 188.9648, 8.3008, 225.0977, 218.2617, 204.5898, 75.6836, 147.9492, 64.4531, 211.4258, 182.1289, 82.5195, 84.4727, 25.8789, 77.1484, 70.8008, 67.8711
#SHOT: 159243 TIME: 495.407
8.3008, 225.0977, 218.2617, 73.7305, 197.7539, 62.9883, 83.9844, 204.5898, 52.7344, 211.4258, 27.3438, 182.1289, 82.5195, 84.9609, 63.9648, 69.8242, 78.125, 76.6602, 70.8008, 67.3828
#SHOT: 159243 TIME: 495.919
218.2617, 197.7539, 188.9648, 58.5938, 195.8008, 182.1289, 204.5898, 211.4258, 84.9609, 72.2656, 64.9414, 145.9961, 61.5234, 60.0586, 82.5195, 70.3125, 63.9648, 78.6133, 76.1719, 67.8711
#SHOT: 159243 TIME: 496.431
154.2969, 58.5938, 204.5898, 85.9375, 72.7539, 3.418, 69.8242, 195.8008, 145.9961, 182.1289, 81.543, 188.9648, 60.0586, 83.0078, 61.5234, 64.4531, 70.8008, 78.6133, 76.1719, 67.3828
#SHOT: 159243 TIME: 496.943
218.2617, 225.5859, 84.4727, 204.5898, 168.457, 175.293, 3.418, 195.8008, 26.8555, 182.1289, 188.9648, 52.7344, 61.5234, 59.5703, 83.0078, 70.8008, 64.9414, 78.6133, 75.6836, 67.3828
#SHOT: 159243 TIME: 497.455
204.5898, 168.457, 144.5313, 143.0664, 160.1563, 195.8008, 72.7539, 26.8555, 188.9648, 225.0977, 182.1289, 84.4727, 52.7344, 62.0117, 64.4531, 70.8008, 79.1016, 82.5195, 75.6836, 67.3828
#SHOT: 159243 TIME: 497.967
88.3789, 190.918, 144.5313, 53.2227, 153.3203, 225.0977, 204.5898, 143.0664, 218.2617, 188.9648, 182.1289, 195.8008, 84.4727, 62.5, 64.4531, 79.1016, 70.8008, 82.5195, 76.1719, 67.3828
#SHOT: 159243 TIME: 498.479
153.3203, 88.3789, 25.3906, 204.5898, 218.2617, 211.4258, 74.2188, 53.2227, 159.1797, 188.9648, 182.1289, 195.8008, 62.5, 64.4531, 79.5898, 77.1484, 70.8008, 76.1719, 82.5195, 66.8945
#SHOT: 159243 TIME: 498.991
225.0977, 59.5703, 218.2617, 240.2344, 74.2188, 195.8008, 211.4258, 204.5898, 188.9648, 182.1289, 88.3789, 25.8789, 53.2227, 62.9883, 159.1797, 65.918, 71.2891, 79.5898, 82.5195, 76.6602
#SHOT: 159243 TIME: 499.503
69.8242, 74.2188, 83.9844, 218.2617, 147.9492, 225.0977, 53.2227, 88.8672, 182.1289, 204.5898, 211.4258, 25.8789, 59.5703, 159.1797, 62.9883, 71.7773, 79.5898, 65.918, 82.0313, 76.6602
#SHOT: 159243 TIME: 500.015
65.4297, 243.6523, 175.293, 104.4922, 225.0977, 83.9844, 61.5234, 182.1289, 74.2188, 59.5703, 204.5898, 66.4063, 218.2617, 211.4258, 63.4766, 159.1797, 71.7773, 79.5898, 82.0313, 76.6602
#SHOT: 159243 TIME: 500.527
197.7539, 188.9648, 5.3711, 65.4297, 175.293, 74.2188, 218.2617, 104.4922, 240.2344, 211.4258, 79.5898, 87.8906, 182.1289, 204.5898, 3.418, 71.2891, 60.0586, 63.4766, 76.6602, 82.0313
#SHOT: 159243 TIME: 501.039
5.3711, 247.0703, 140.625, 87.8906, 204.5898, 65.4297, 69.8242, 218.2617, 58.5938, 211.4258, 158.2031, 188.9648, 182.1289, 71.7773, 79.1016, 62.0117, 60.0586, 75.6836, 63.4766, 82.0313
#SHOT: 159243 TIME: 501.551
142.0898, 204.5898, 73.7305, 26.3672, 218.2617, 211.4258, 70.3125, 78.6133, 56.6406, 77.1484, 51.2695, 87.4023, 188.9648, 182.1289, 58.5938, 60.0586, 62.0117, 75.6836, 63.4766, 82.0313
#SHOT: 159243 TIME: 502.063
218.2617, 140.1367, 2.4414, 142.0898, 51.2695, 197.7539, 195.8008, 56.6406, 211.4258, 78.6133, 26.3672, 188.9648, 70.3125, 182.1289, 60.0586, 204.5898, 77.1484, 58.5938, 62.9883, 82.0313
#SHOT: 159243 TIME: 502.575
25.8789, 233.3984, 195.8008, 58.5938, 70.3125, 197.7539, 218.2617, 78.125, 88.3789, 1.9531, 211.4258, 57.1289, 72.2656, 182.1289, 86.9141, 204.5898, 188.9648, 62.9883, 76.6602, 82.0313
#SHOT: 159243 TIME: 503.087
49.3164, 4.8828, 240.7227, 195.8008, 88.3789, 211.4258, 197.7539, 72.2656, 86.4258, 218.2617, 204.5898, 233.8867, 25.3906, 182.1289, 62.5, 188.9648, 56.6406, 76.6602, 78.125, 81.543
#SHOT: 159243 TIME: 503.599
50.293, 197.7539, 85.9375, 211.4258, 90.8203, 225.5859, 218.2617, 190.918, 195.8008, 71.7773, 204.5898, 62.9883, 48.8281, 25.8789, 182.1289, 56.6406, 188.9648, 51.7578, 78.125, 81.543
#SHOT: 159243 TIME: 504.111
71.7773, 5.8594, 78.125, 195.8008, 190.918, 90.332, 218.2617, 197.7539, 235.8398, 204.5898, 85.4492, 211.4258, 56.1523, 49.3164, 59.5703, 188.9648, 182.1289, 51.7578, 50.293, 81.0547
#SHOT: 159243 TIME: 504.623
235.8398, 187.5, 245.1172, 177.2461, 77.6367, 70.3125, 168.457, 194.3359, 197.7539, 218.2617, 5.3711, 59.5703, 211.4258, 188.9648, 204.5898, 85.4492, 182.1289, 51.7578, 49.8047, 81.0547
#SHOT: 159243 TIME: 505.135
240.2344, 190.918, 53.7109, 71.7773, 56.6406, 197.7539, 177.2461, 168.457, 211.4258, 218.2617, 188.9648, 5.3711, 85.4492, 51.2695, 78.125, 182.1289, 204.5898, 59.082, 49.8047, 81.0547
#SHOT: 159243 TIME: 505.647
247.5586, 198.7305, 168.457, 190.918, 87.4023, 177.2461, 77.6367, 5.3711, 211.4258, 175.293, 218.75, 195.8008, 59.082, 84.9609, 49.8047, 182.1289, 25.8789, 188.9648, 204.5898, 81.0547
#SHOT: 159243 TIME: 506.159
184.082, 97.6563, 48.3398, 247.5586, 50.7813, 211.4258, 225.0977, 175.293, 26.8555, 190.918, 104.4922, 84.9609, 218.2617, 195.8008, 57.1289, 52.7344, 204.5898, 188.9648, 182.1289, 81.0547
#SHOT: 159243 TIME: 506.671
19.043, 187.5, 218.2617, 104.4922, 211.4258, 240.7227, 52.7344, 225.0977, 175.293, 195.8008, 190.918, 75.6836, 12.207, 57.1289, 188.9648, 204.5898, 182.1289, 50.293, 27.3438, 81.0547
#SHOT: 159243 TIME: 507.183
247.5586, 244.1406, 175.293, 51.7578, 8.3008, 187.5, 218.2617, 225.0977, 190.918, 211.4258, 27.3438, 12.207, 195.8008, 188.9648, 56.6406, 50.7813, 182.1289, 204.5898, 75.6836, 80.5664
#SHOT: 159243 TIME: 507.695
247.5586, 225.0977, 71.7773, 168.457, 52.7344, 8.3008, 197.7539, 51.7578, 76.1719, 54.1992, 218.2617, 211.4258, 4.8828, 188.9648, 204.5898, 56.6406, 182.1289, 195.8008, 50.7813, 80.5664
#SHOT: 159243 TIME: 508.207
83.9844, 69.8242, 215.332, 111.3281, 175.293, 54.1992, 190.918, 197.7539, 238.7695, 50.7813, 218.2617, 56.6406, 211.4258, 168.457, 204.5898, 4.8828, 182.1289, 188.9648, 195.8008, 80.5664
#SHOT: 159243 TIME: 508.719
190.918, 225.5859, 218.2617, 111.3281, 55.1758, 245.6055, 71.2891, 104.4922, 197.7539, 175.293, 77.1484, 204.5898, 182.1289, 168.457, 195.8008, 25.8789, 53.7109, 188.9648, 49.8047, 80.5664
#SHOT: 159243 TIME: 509.231
175.293, 195.8008, 3.418, 184.082, 197.7539, 168.457, 240.2344, 75.6836, 211.4258, 53.7109, 204.5898, 225.0977, 27.832, 218.2617, 55.1758, 188.9648, 58.1055, 52.2461, 49.8047, 80.5664
#SHOT: 159243 TIME: 509.743
3.418, 182.1289, 184.082, 58.5938, 168.457, 197.7539, 195.8008, 192.3828, 211.4258, 240.7227, 28.3203, 204.5898, 188.9648, 225.0977, 218.2617, 55.1758, 49.8047, 75.6836, 52.2461, 80.5664
#SHOT: 159243 TIME: 510.255
184.082, 59.082, 190.918, 4.8828, 97.6563, 78.6133, 195.8008, 168.457, 137.6953, 182.1289, 225.0977, 188.9648, 218.2617, 211.4258, 57.1289, 204.5898, 52.2461, 55.1758, 75.6836, 80.5664
#SHOT: 159243 TIME: 510.767
97.6563, 175.293, 225.0977, 2.9297, 133.3008, 218.75, 240.2344, 4.8828, 168.457, 195.8008, 70.8008, 188.9648, 50.293, 25.8789, 211.4258, 182.1289, 56.1523, 204.5898, 80.5664, 75.1953
#SHOT: 159243 TIME: 511.279
97.6563, 136.7188, 168.457, 195.8008, 62.9883, 175.293, 59.5703, 240.2344, 58.5938, 218.2617, 188.9648, 182.1289, 204.5898, 25.8789, 211.4258, 56.1523, 53.2227, 50.293, 75.1953, 80.5664
#SHOT: 159243 TIME: 511.791
97.6563, 132.3242, 187.5, 26.3672, 65.4297, 225.0977, 104.4922, 182.1289, 59.5703, 74.2188, 63.4766, 218.2617, 204.5898, 188.9648, 211.4258, 57.1289, 50.7813, 75.1953, 80.5664, 53.2227
#SHOT: 159243 TIME: 512.303
187.5, 246.0938, 104.4922, 168.457, 138.6719, 132.3242, 218.2617, 204.5898, 79.5898, 211.4258, 182.1289, 188.9648, 62.9883, 75.1953, 50.7813, 65.4297, 57.6172, 81.0547, 74.2188, 53.2227
#SHOT: 159243 TIME: 512.815
204.5898, 60.5469, 218.2617, 246.0938, 26.3672, 58.1055, 65.4297, 147.9492, 211.4258, 132.3242, 188.9648, 79.5898, 182.1289, 62.9883, 75.1953, 81.0547, 51.2695, 74.2188, 57.1289, 53.2227
#SHOT: 159243 TIME: 513.327
60.5469, 131.8359, 104.4922, 147.9492, 218.2617, 195.8008, 197.7539, 79.1016, 62.9883, 204.5898, 211.4258, 51.2695, 182.1289, 188.9648, 54.6875, 27.3438, 80.5664, 57.1289, 74.707, 53.2227
#SHOT: 159243 TIME: 513.839
85.9375, 1.9531, 69.8242, 50.7813, 190.918, 197.7539, 202.6367, 218.2617, 195.8008, 182.1289, 211.4258, 54.6875, 188.9648, 204.5898, 74.707, 58.5938, 53.2227, 26.8555, 80.5664, 57.1289
#SHOT: 159243 TIME: 514.351
197.7539, 175.293, 190.918, 180.6641, 73.2422, 168.457, 2.4414, 188.9648, 218.2617, 202.6367, 211.4258, 60.0586, 195.8008, 182.1289, 204.5898, 52.2461, 54.1992, 26.3672, 80.5664, 57.1289
#SHOT: 159243 TIME: 514.863
194.3359, 188.9648, 85.4492, 240.7227, 175.293, 195.8008, 168.457, 50.7813, 218.2617, 55.6641, 204.5898, 67.3828, 211.4258, 182.1289, 52.2461, 53.7109, 80.5664, 59.5703, 26.3672, 57.1289
#SHOT: 159243 TIME: 515.375
225.0977, 194.3359, 218.2617, 195.8008, 197.7539, 72.7539, 85.4492, 50.7813, 240.2344, 204.5898, 188.9648, 74.2188, 211.4258, 57.1289, 67.3828, 182.1289, 80.5664, 59.082, 26.3672, 53.7109
#SHOT: 159243 TIME: 515.887
73.2422, 21.9727, 194.3359, 218.2617, 50.7813, 195.8008, 197.7539, 69.3359, 138.6719, 240.2344, 204.5898, 188.9648, 211.4258, 131.3477, 182.1289, 74.2188, 80.0781, 58.1055, 26.3672, 53.7109
#SHOT: 159243 TIME: 516.399
60.0586, 197.7539, 141.1133, 195.8008, 211.4258, 218.2617, 50.293, 67.8711, 69.3359, 26.3672, 138.1836, 188.9648, 204.5898, 182.1289, 131.3477, 64.4531, 80.0781, 74.2188, 58.1055, 54.1992
#SHOT: 159243 TIME: 516.911
97.6563, 225.0977, 211.4258, 197.7539, 76.6602, 218.2617, 49.8047, 64.4531, 204.5898, 188.9648, 182.1289, 131.8359, 67.8711, 60.5469, 56.6406, 138.6719, 80.0781, 74.2188, 58.5938, 54.1992
#SHOT: 159243 TIME: 517.423
65.4297, 76.6602, 219.7266, 131.8359, 69.8242, 83.9844, 195.8008, 2.4414, 182.1289, 67.8711, 56.6406, 204.5898, 188.9648, 138.6719, 73.2422, 3.9063, 60.5469, 54.1992, 80.0781, 58.5938
#SHOT: 159243 TIME: 517.935
231.9336, 63.9648, 211.4258, 69.8242, 204.5898, 195.8008, 182.1289, 66.4063, 67.8711, 2.4414, 73.2422, 188.9648, 3.9063, 138.1836, 26.8555, 80.0781, 54.1992, 58.1055, 56.1523, 60.0586
#SHOT: 159243 TIME: 518.447
211.4258, 141.1133, 126.4648, 218.2617, 188.9648, 146.4844, 20.0195, 225.0977, 197.7539, 182.1289, 133.3008, 138.1836, 74.2188, 52.2461, 27.3438, 66.8945, 56.1523, 79.5898, 54.1992, 59.5703
#SHOT: 159243 TIME: 518.959
2.4414, 20.0195, 144.043, 118.6523, 188.9648, 68.3594, 225.0977, 141.1133, 197.7539, 73.7305, 67.3828, 182.1289, 56.1523, 52.2461, 126.4648, 27.832, 79.5898, 54.1992, 138.6719, 59.082
#SHOT: 159243 TIME: 519.471
7.8125, 70.8008, 12.207, 104.4922, 211.4258, 62.9883, 54.1992, 2.4414, 218.2617, 80.5664, 197.7539, 67.3828, 73.7305, 188.9648, 138.6719, 146.9727, 126.4648, 182.1289, 79.5898, 59.5703
#SHOT: 159243 TIME: 519.983
86.4258, 1.9531, 211.4258, 46.3867, 168.457, 62.9883, 104.4922, 146.9727, 5.3711, 88.8672, 218.2617, 139.6484, 68.8477, 204.5898, 73.7305, 26.8555, 182.1289, 188.9648, 80.0781, 60.0586
#SHOT: 159243 TIME: 520.495
125.4883, 8.3008, 88.8672, 195.8008, 104.4922, 218.2617, 128.9063, 168.457, 77.1484, 182.1289, 63.4766, 68.8477, 204.5898, 65.4297, 188.9648, 73.7305, 140.625, 80.0781, 26.8555, 60.0586
#SHOT: 159243 TIME: 521.007
128.9063, 104.4922, 168.457, 91.7969, 218.2617, 71.7773, 182.1289, 145.9961, 63.9648, 204.5898, 85.4492, 77.1484, 188.9648, 55.1758, 68.3594, 73.7305, 140.625, 27.3438, 80.5664, 60.0586
#SHOT: 159243 TIME: 521.519
71.7773, 177.2461, 197.7539, 63.9648, 77.1484, 218.2617, 195.8008, 66.4063, 211.4258, 204.5898, 182.1289, 145.9961, 55.1758, 140.625, 188.9648, 67.8711, 73.7305, 80.0781, 27.3438, 60.5469
#SHOT: 159243 TIME: 522.031
4.8828, 211.4258, 195.8008, 240.2344, 146.9727, 128.9063, 197.7539, 218.2617, 188.9648, 58.5938, 141.1133, 182.1289, 136.7188, 204.5898, 68.3594, 62.5, 66.4063, 80.0781, 27.3438, 60.5469
#SHOT: 159243 TIME: 522.543
175.293, 195.8008, 150.8789, 84.4727, 218.2617, 197.7539, 188.9648, 85.4492, 146.9727, 1.9531, 70.3125, 182.1289, 75.1953, 204.5898, 141.1133, 26.8555, 68.3594, 66.8945, 80.5664, 60.5469
#SHOT: 159243 TIME: 523.055
175.293, 197.7539, 52.2461, 49.3164, 240.2344, 218.2617, 26.3672, 133.7891, 188.9648, 138.1836, 83.9844, 182.1289, 73.7305, 204.5898, 147.4609, 27.832, 140.625, 60.5469, 66.8945, 80.5664
#SHOT: 159243 TIME: 523.567
175.293, 49.3164, 240.2344, 151.8555, 197.7539, 53.7109, 225.0977, 188.9648, 204.5898, 133.7891, 182.1289, 63.4766, 27.3438, 138.1836, 140.1367, 60.5469, 73.7305, 147.4609, 66.8945, 80.5664
#SHOT: 159243 TIME: 524.079
148.4375, 188.9648, 85.4492, 136.2305, 225.0977, 204.5898, 197.7539, 76.6602, 141.6016, 49.8047, 66.4063, 53.7109, 182.1289, 139.6484, 61.0352, 26.8555, 63.4766, 73.7305, 67.8711, 80.5664
#SHOT: 159243 TIME: 524.591
146.9727, 70.8008, 60.5469, 188.9648, 197.7539, 63.9648, 85.9375, 53.7109, 139.1602, 136.2305, 76.6602, 66.4063, 141.6016, 182.1289, 148.9258, 26.8555, 73.7305, 81.0547, 61.5234, 67.8711
#SHOT: 159243 TIME: 525.103
175.293, 63.4766, 218.2617, 204.5898, 197.7539, 17.5781, 53.7109, 188.9648, 139.1602, 136.2305, 182.1289, 85.9375, 141.1133, 147.4609, 61.5234, 148.9258, 74.2188, 80.5664, 27.3438, 68.3594
#SHOT: 159243 TIME: 525.615
136.2305, 5.3711, 197.7539, 218.2617, 75.6836, 211.4258, 188.9648, 182.1289, 204.5898, 85.9375, 17.5781, 147.4609, 148.9258, 73.7305, 141.1133, 62.9883, 27.3438, 60.5469, 80.5664, 68.3594
#SHOT: 159243 TIME: 526.127
235.8398, 195.8008, 218.2617, 149.9023, 62.9883, 141.1133, 211.4258, 147.9492, 54.6875, 5.3711, 188.9648, 204.5898, 154.7852, 182.1289, 26.8555, 60.5469, 85.9375, 73.7305, 80.5664, 68.8477
#SHOT: 159243 TIME: 526.639
71.2891, 195.8008, 5.3711, 218.2617, 11.2305, 60.5469, 143.5547, 138.6719, 204.5898, 188.9648, 63.9648, 182.1289, 61.5234, 155.2734, 27.3438, 149.9023, 85.9375, 80.5664, 73.7305, 69.3359
#SHOT: 159243 TIME: 527.151
218.2617, 8.3008, 65.918, 90.8203, 225.0977, 149.9023, 204.5898, 211.4258, 182.1289, 83.0078, 75.6836, 188.9648, 67.3828, 85.9375, 63.9648, 61.5234, 27.3438, 73.7305, 69.8242, 80.5664
#SHOT: 159243 TIME: 527.663
90.8203, 156.25, 26.3672, 225.0977, 83.0078, 74.2188, 218.2617, 76.6602, 204.5898, 151.3672, 182.1289, 67.8711, 188.9648, 211.4258, 27.832, 86.4258, 63.4766, 62.0117, 70.3125, 81.0547
#SHOT: 159243 TIME: 528.175
156.7383, 218.2617, 197.7539, 168.457, 142.5781, 72.2656, 63.4766, 79.1016, 204.5898, 211.4258, 83.4961, 66.4063, 86.4258, 188.9648, 77.1484, 151.3672, 182.1289, 62.0117, 70.3125, 80.5664
#SHOT: 159243 TIME: 528.687
85.9375, 1.9531, 177.2461, 156.7383, 218.2617, 168.457, 197.7539, 66.4063, 60.5469, 59.082, 188.9648, 211.4258, 63.9648, 204.5898, 75.1953, 182.1289, 77.1484, 71.2891, 80.5664, 62.5
#SHOT: 159243 TIME: 529.199
97.6563, 27.3438, 168.457, 218.2617, 197.7539, 152.3438, 72.2656, 66.4063, 182.1289, 204.5898, 225.0977, 188.9648, 211.4258, 69.8242, 75.1953, 59.082, 80.0781, 64.4531, 71.2891, 62.5
#SHOT: 159243 TIME: 529.711
211.4258, 127.9297, 74.707, 12.6953, 79.1016, 182.1289, 151.3672, 188.9648, 204.5898, 225.0977, 135.2539, 27.3438, 152.832, 66.4063, 144.5313, 80.5664, 138.6719, 64.4531, 62.9883, 72.2656
#SHOT: 159243 TIME: 530.223
182.1289, 188.9648, 204.5898, 66.4063, 127.9297, 225.0977, 78.6133, 157.7148, 151.3672, 49.8047, 26.3672, 135.2539, 152.832, 27.832, 64.4531, 144.5313, 80.5664, 138.6719, 62.9883, 72.2656
#SHOT: 159243 TIME: 530.735
66.8945, 225.0977, 28.3203, 150.8789, 204.5898, 188.9648, 134.2773, 182.1289, 157.7148, 85.4492, 75.6836, 145.5078, 80.5664, 144.5313, 135.2539, 152.832, 139.1602, 64.9414, 62.9883, 72.2656
#SHOT: 159243 TIME: 531.247
58.1055, 225.0977, 146.9727, 19.5313, 188.9648, 81.0547, 204.5898, 197.7539, 211.4258, 139.6484, 182.1289, 74.2188, 145.5078, 67.3828, 152.832, 80.0781, 75.6836, 62.9883, 64.9414, 72.7539
#SHOT: 159243 TIME: 531.759
140.1367, 75.1953, 142.0898, 19.5313, 218.2617, 188.9648, 144.5313, 85.9375, 58.1055, 182.1289, 211.4258, 204.5898, 83.0078, 153.8086, 147.4609, 62.0117, 67.8711, 65.4297, 80.0781, 73.2422
#SHOT: 159243 TIME: 532.271
58.5938, 142.0898, 218.2617, 49.3164, 62.0117, 188.9648, 211.4258, 85.9375, 182.1289, 204.5898, 76.6602, 83.4961, 147.9492, 68.3594, 64.4531, 153.8086, 26.8555, 79.5898, 65.918, 73.7305
#SHOT: 159243 TIME: 532.783
211.4258, 188.9648, 195.8008, 43.457, 225.0977, 204.5898, 2.4414, 84.4727, 148.4375, 182.1289, 154.2969, 143.5547, 73.7305, 67.3828, 68.8477, 26.8555, 79.5898, 65.4297, 63.9648, 74.707
#SHOT: 159243 TIME: 533.295
204.5898, 145.9961, 83.0078, 154.7852, 2.4414, 27.832, 85.4492, 147.4609, 138.6719, 182.1289, 59.082, 140.625, 72.2656, 79.5898, 66.8945, 69.3359, 26.8555, 63.9648, 65.4297, 75.1953
#SHOT: 159243 TIME: 533.807
188.9648, 175.293, 60.5469, 204.5898, 147.4609, 160.6445, 145.5078, 82.5195, 138.6719, 140.625, 182.1289, 85.4492, 79.5898, 59.082, 63.9648, 27.832, 73.7305, 69.3359, 65.918, 75.1953
#SHOT: 159243 TIME: 534.319
138.6719, 151.3672, 149.4141, 188.9648, 155.2734, 142.0898, 87.8906, 161.1328, 145.5078, 204.5898, 182.1289, 61.0352, 85.4492, 59.082, 69.8242, 27.832, 79.5898, 63.4766, 66.4063, 75.6836
#SHOT: 159243 TIME: 534.831
223.1445, 168.457, 87.4023, 218.2617, 4.8828, 142.0898, 161.6211, 188.9648, 182.1289, 204.5898, 59.082, 61.0352, 82.0313, 27.832, 85.4492, 69.8242, 63.4766, 79.5898, 66.4063, 75.6836
#SHOT: 159243 TIME: 535.343
195.8008, 27.3438, 64.4531, 241.2109, 89.8438, 74.2188, 147.9492, 182.1289, 204.5898, 4.8828, 218.2617, 63.4766, 82.5195, 85.4492, 188.9648, 88.3789, 79.5898, 70.8008, 66.8945, 77.1484
#SHOT: 159243 TIME: 535.855
72.7539, 197.7539, 175.293, 82.5195, 182.1289, 142.0898, 148.4375, 218.2617, 204.5898, 195.8008, 62.0117, 85.4492, 80.0781, 63.9648, 188.9648, 60.0586, 27.3438, 67.3828, 70.8008, 77.1484
#SHOT: 159243 TIME: 536.367
85.4492, 90.8203, 2.4414, 218.2617, 48.8281, 204.5898, 83.4961, 182.1289, 188.9648, 66.4063, 87.4023, 62.5, 27.832, 63.9648, 148.9258, 142.0898, 60.0586, 67.8711, 71.2891, 77.6367
#SHOT: 159243 TIME: 536.879
46.875, 204.5898, 90.8203, 133.7891, 131.8359, 20.0195, 2.4414, 188.9648, 57.1289, 157.2266, 182.1289, 83.4961, 149.4141, 62.5, 67.8711, 60.5469, 142.0898, 29.2969, 78.6133, 71.2891
#SHOT: 159243 TIME: 537.391
140.625, 133.3008, 167.9688, 2.9297, 4.8828, 86.9141, 157.2266, 20.5078, 65.4297, 68.3594, 204.5898, 188.9648, 6.3477, 29.2969, 182.1289, 143.0664, 150.3906, 61.0352, 71.2891, 79.1016
#SHOT: 159243 TIME: 537.903
132.8125, 209.4727, 168.457, 140.625, 206.0547, 218.2617, 20.5078, 204.5898, 145.5078, 92.7734, 188.9648, 151.3672, 143.5547, 6.3477, 182.1289, 86.9141, 61.0352, 68.8477, 71.7773, 79.5898
#SHOT: 159243 TIME: 538.415
168.457, 206.0547, 4.8828, 92.7734, 63.4766, 195.8008, 61.0352, 211.4258, 218.2617, 20.5078, 6.3477, 188.9648, 204.5898, 182.1289, 86.9141, 152.832, 145.5078, 68.8477, 80.0781, 72.7539
#SHOT: 159243 TIME: 538.927
83.4961, 56.6406, 4.8828, 218.2617, 2.9297, 195.8008, 13.6719, 159.668, 86.9141, 94.2383, 188.9648, 211.4258, 204.5898, 182.1289, 68.8477, 152.832, 70.3125, 145.9961, 80.0781, 73.2422
#SHOT: 159243 TIME: 539.439
2.4414, 93.2617, 218.2617, 13.6719, 61.5234, 175.293, 168.457, 83.9844, 188.9648, 204.5898, 145.9961, 62.5, 87.8906, 211.4258, 94.7266, 182.1289, 75.6836, 70.8008, 73.2422, 81.0547
#SHOT: 159243 TIME: 539.951
156.7383, 91.7969, 175.293, 2.4414, 14.1602, 168.457, 89.3555, 206.0547, 204.5898, 188.9648, 62.9883, 93.2617, 61.0352, 87.8906, 73.7305, 182.1289, 211.4258, 75.6836, 81.543, 70.8008
#SHOT: 159243 TIME: 540.463
67.3828, 89.3555, 20.5078, 93.75, 204.5898, 206.0547, 63.4766, 211.4258, 182.1289, 86.9141, 188.9648, 61.0352, 80.0781, 68.3594, 28.8086, 62.0117, 64.9414, 76.1719, 82.5195, 71.2891
#SHOT: 159243 TIME: 540.975
225.0977, 45.8984, 30.7617, 8.3008, 204.5898, 90.8203, 93.2617, 89.3555, 182.1289, 97.168, 80.0781, 188.9648, 29.2969, 86.9141, 64.9414, 70.8008, 69.3359, 62.5, 76.6602, 83.0078
#SHOT: 159243 TIME: 541.487
8.3008, 58.1055, 64.9414, 56.6406, 188.9648, 175.293, 97.6563, 87.4023, 182.1289, 46.3867, 30.7617, 89.8438, 204.5898, 93.2617, 72.2656, 73.2422, 62.9883, 77.1484, 69.3359, 83.4961
#SHOT: 159243 TIME: 541.999
240.7227, 97.6563, 156.7383, 168.457, 81.0547, 197.7539, 211.4258, 188.9648, 58.1055, 182.1289, 204.5898, 92.7734, 72.2656, 91.7969, 73.2422, 89.8438, 69.3359, 63.4766, 77.6367, 83.9844
#SHOT: 159243 TIME: 542.511
240.2344, 211.4258, 60.5469, 7.3242, 225.0977, 175.293, 1.9531, 81.0547, 89.3555, 197.7539, 73.2422, 188.9648, 64.4531, 204.5898, 182.1289, 70.3125, 71.7773, 91.7969, 78.125, 84.4727
#SHOT: 159243 TIME: 543.023
75.1953, 62.9883, 240.2344, 225.0977, 104.4922, 211.4258, 197.7539, 90.8203, 204.5898, 175.293, 71.2891, 188.9648, 182.1289, 89.3555, 64.9414, 61.0352, 73.2422, 79.1016, 92.2852, 85.4492
#SHOT: 159243 TIME: 543.535
195.8008, 8.3008, 218.2617, 100.0977, 168.457, 89.3555, 175.293, 211.4258, 4.3945, 65.918, 204.5898, 182.1289, 188.9648, 90.8203, 62.5, 92.7734, 79.1016, 61.0352, 73.2422, 85.9375
#SHOT: 159243 TIME: 544.047
1.9531, 197.7539, 193.8477, 59.5703, 240.2344, 225.0977, 177.2461, 211.4258, 175.293, 218.2617, 204.5898, 188.9648, 65.918, 182.1289, 90.332, 92.7734, 62.0117, 79.5898, 86.4258, 73.7305
#SHOT: 159243 TIME: 544.559
84.4727, 240.2344, 101.0742, 177.2461, 225.0977, 92.2852, 194.3359, 218.2617, 211.4258, 175.293, 188.9648, 85.9375, 204.5898, 182.1289, 80.0781, 93.2617, 89.8438, 87.4023, 62.0117, 73.7305
#SHOT: 159243 TIME: 545.071
243.6523, 231.9336, 225.0977, 211.4258, 218.2617, 188.9648, 92.2852, 175.293, 66.8945, 2.9297, 182.1289, 80.0781, 204.5898, 85.9375, 77.1484, 89.8438, 93.75, 88.3789, 62.5, 74.707
#SHOT: 159243 TIME: 545.583
197.7539, 188.9648, 175.293, 231.9336, 190.918, 211.4258, 4.3945, 66.8945, 218.2617, 225.0977, 82.0313, 85.9375, 182.1289, 204.5898, 2.9297, 77.1484, 93.75, 62.5, 88.8672, 75.1953
#SHOT: 159243 TIME: 546.095
97.6563, 168.457, 2.9297, 190.918, 188.9648, 86.4258, 4.3945, 211.4258, 218.2617, 225.0977, 182.1289, 204.5898, 73.7305, 29.7852, 77.6367, 94.2383, 61.5234, 62.5, 75.1953, 89.3555
#SHOT: 159243 TIME: 546.607
197.7539, 64.4531, 221.6797, 83.0078, 73.7305, 97.6563, 211.4258, 188.9648, 218.2617, 225.0977, 74.707, 204.5898, 83.9844, 182.1289, 62.5, 29.7852, 78.125, 93.75, 75.6836, 89.3555
#SHOT: 159243 TIME: 547.119
46.875, 5.8594, 175.293, 197.7539, 247.5586, 218.2617, 97.6563, 79.5898, 225.0977, 211.4258, 188.9648, 62.5, 85.9375, 204.5898, 182.1289, 94.2383, 88.3789, 75.6836, 83.9844, 89.8438
#SHOT: 159243 TIME: 547.631
190.918, 177.2461, 195.8008, 247.5586, 97.6563, 168.457, 218.2617, 225.0977, 211.4258, 175.293, 188.9648, 204.5898, 79.1016, 62.9883, 182.1289, 94.2383, 88.3789, 76.1719, 90.8203, 84.4727
#SHOT: 159243 TIME: 548.143
97.6563, 225.0977, 46.875, 13.1836, 195.8008, 211.4258, 209.4727, 247.0703, 168.457, 94.2383, 82.0313, 204.5898, 175.293, 188.9648, 182.1289, 62.9883, 87.8906, 91.3086, 84.4727, 76.6602
#SHOT: 159243 TIME: 548.655
32.7148, 195.8008, 218.2617, 70.3125, 240.2344, 194.3359, 168.457, 175.293, 247.0703, 209.4727, 182.1289, 225.0977, 211.4258, 188.9648, 204.5898, 87.8906, 85.4492, 62.5, 92.2852, 77.1484